2.1876144      1 
4.1713692      2 
6.1551764      3 
7.4334957      4 
8.6798554      3 
9.8943292      2 
11.985871      1 
13.969881      2 
15.953957      3 
17.04162       4 
18.097762      3 
19.122457      2 
22.119106      1 
24.103437      2 
27.069013      3 
29.069588      4 
31.938128      3 
34.775652      2 
36.680807      1 
38.664957      2 
40.634995      3 
43.369271      4 
46.052787      3 
48.705713      2 
50.520352      1 
51.668167      2 
54.256033      3 
56.892694      4 
59.393728      3 
61.864593      2 
63.589723      1 
66.376161      2 
69.217608      3 
72.102356      4 
74.266367      3 
76.557674      2 
78.194249      1 
80.177791      2 
82.014491      3 
83.335364      4 
85.574123      3 
87.688339      2 
89.23726       1 
91.220802      2 
92.984558      3 
95.334835      4 
97.303336      3 
99.242896      2 
100.70501      1 
103.44679      2 
105.66946      3 
107.49392      4 
109.28977      3 
111.05707      2 
112.43316      1 
113.66125      2 
115.63798      3 
117.15103      4 
119.39924      3 
120.99666      2 
122.28745      1 
124.27165      2 
125.73552      3 
127.07198      4 
128.3409       3 
130.28558      2 
131.49173      1 
133.47639      2 
134.81179      3 
136.08763      4 
137.35017      3 
139.42643      2 
141.54533      1 
142.6394       2 
145.4459       3 
146.60161      4 
147.73025      3 
148.83188      2 
149.87047      1 
151.8564       2 
152.88002      3 
155.87988      4 
158.84741      3 
161.7883       2 
163.74631      1 
165.73295      2 
168.66746      3 
171.50243      4 
174.31106      3 
177.09343      2 
178.97382      1 
181.85493      2 
183.94538      3 
186.62327      4 
189.2752       3 
191.90121      2 
194.701        1 
196.68826      2 
199.5098       3 
201.56934      4 
204.06671      3 
206.53852      2 
209.2614       1 
212.05043      2 
214.58061      3 
217.23418      4 
219.1113       3 
221.43103      2 
224.07812      1 
226.84047      2 
228.20794      3 
230.42744      4 
232.62203      3 
234.79177      2 
237.36413      1 
238.60407      2 
241.23671      3 
243.3076       4 
245.35392      3 
247.37573      2 
249.87441      1 
251.11895      2 
253.72824      3 
255.65256      4 
257.55264      3 
259.42855      2 
260.86123      1 
262.84725      2 
264.49829      3 
265.87435      4 
267.97496      3 
269.70698      2 
271.0677       1 
273.05394      2 
274.61886      3 
275.98652      4 
278.09956      3 
279.68966      2 
281.97325      1 
283.96141      2 
286.76029      3 
288.23933      4 
289.71267      3 
291.16281      2 
292.38156      1 
294.36848      2 
295.73208      3 
297.02729      4 
299.3076       3 
300.61969      2 
302.76461      1 
304.75308      2 
306.74159      3 
307.96272      4 
309.16124      3 
310.33719      2 
312.41411      1 
313.47576      2 
314.5871       3 
315.69009      4 
316.83561      3 
319.34758      2 
321.35736      1 
324.35734      2 
327.34464      3 
329.32411      4 
332.25532      3 
335.16458      2 
337.10937      1 
339.09823      2 
341.08178      3 
343.91114      4 
346.71144      3 
349.49009      2 
352.36837      1 
354.35772      2 
356.3471       3 
359.03968      4 
361.71087      3 
364.36072      2 
367.1747       1 
370.01296      2 
371.28875      3 
373.8537       4 
376.39756      3 
378.92036      2 
380.6756       1 
382.66386      2 
384.58451      3 
387.11778      4 
389.53605      3 
391.93356      2 
394.62171      1 
397.39868      2 
399.90042      3 
401.57968      4 
403.87409      3 
406.14803      2 
407.78059      1 
409.7687       2 
411.61211      3 
414.02099      4 
416.19325      3 
418.34531      2 
419.91757      1 
421.15804      2 
423.36793      3 
424.90621      4 
427.16617      3 
429.19804      2 
431.70403      1 
433.69413      2 
435.68423      3 
437.63688      4 
439.56985      3 
441.48316      2 
442.9368       1 
444.92507      2 
446.60538      3 
447.98314      4 
450.09499      3 
451.89139      2 
453.28666      1 
455.27509      2 
456.88911      3 
459.25024      4 
460.95044      3 
462.63153      2 
464.96278      1 
466.17916      2 
468.8024       3 
470.4075       4 
471.99371      3 
473.56108      2 
475.83564      1 
477.02941      2 
478.43375      3 
479.73262      4 
480.9735       3 
482.88255      2 
485.10118      1 
487.09177      2 
488.25061      3 
489.37412      4 
491.15321      3 
492.49779      2 
494.66122      1 
496.65195      2 
497.77539      3 
499.67134      4 
500.9249       3 
502.16039      2 
504.26935      1 
505.35974      2 
506.53673      3 
507.70479      4 
510.20005      3 
511.32793      2 
513.38313      1 
514.42769      2 
515.50668      3 
516.58094      4 
517.70403      3 
520.33203      2 
521.33421      1 
523.32585      2 
526.29648      3 
529.24916      4 
532.1836       3 
535.1007       2 
538.05046      1 
540.04189      2 
542.03335      3 
544.88148      4 
547.71246      3 
550.52633      2 
553.42451      1 
555.41611      2 
557.40773      3 
560.15358      4 
562.88252      3 
565.59458      2 
567.44504      1 
569.43584      2 
571.40016      3 
574.07965      4 
576.70795      3 
579.31961      2 
581.12079      1 
583.11144      2 
585.05741      3 
587.66249      4 
590.19154      3 
592.70417      2 
594.45668      1 
597.26106      2 
600.11149      3 
602.2641       4 
604.69525      3 
607.11022      2 
