1.2038727      1 
3.1978741      2 
4.5618974      3 
7.1039962      4 
8.4650258      3 
9.8169452      2 
11.988648      1 
13.983964      2 
16.844061      3 
18.155469      4 
19.462151      3 
20.759847      2 
21.908241      1 
23.902642      2 
26.779186      3 
28.041149      4 
29.29423       3 
30.53845       2 
32.656385      1 
33.75795       2 
34.966664      3 
37.583193      4 
38.78341       3 
39.974887      2 
42.066477      1 
43.146989      2 
44.311611      3 
45.479244      4 
46.704066      3 
49.025733      2 
51.091329      1 
52.149629      2 
53.267371      3 
54.393145      4 
55.592993      3 
58.050737      2 
59.091901      1 
61.087235      2 
62.156838      3 
63.233688      4 
64.403711      3 
67.057366      2 
68.072469      1 
70.068063      2 
71.082322      3 
72.089103      4 
75.055329      3 
78.043         2 
81.032672      1 
83.028567      2 
86.010048      3 
88.01964       4 
90.966238      3 
93.90468       2 
95.870527      1 
98.832908      2 
100.86172      3 
103.76773      4 
106.66568      3 
109.55558      2 
111.49768      1 
114.43822      2 
117.37847      3 
119.47196      4 
122.32192      3 
125.16395      2 
128.08081      1 
130.07696      2 
132.9932       3 
135.05301      4 
137.85565      3 
140.65047      2 
143.54374      1 
145.53996      2 
147.53619      3 
150.29989      4 
153.05586      3 
155.80411      2 
157.67684      1 
160.56024      2 
162.66671      3 
165.38428      4 
168.09421      3 
170.79654      2 
172.64675      1 
174.64209      2 
177.50664      3 
180.1787       4 
182.84323      3 
185.50026      2 
187.32825      1 
189.32353      2 
192.17313      3 
194.80031      4 
197.42007      3 
200.03243      2 
202.83462      1 
203.99267      2 
206.79595      3 
209.37887      4 
211.95447      3 
214.52277      2 
217.30298      1 
219.2995       2 
222.12259      3 
224.20021      4 
226.73226      3 
229.25711      2 
232.01566      1 
234.82825      2 
237.42389      3 
240.10596      4 
241.96305      3 
244.44504      2 
247.18222      1 
249.17883      2 
251.17544      3 
253.62919      4 
256.07592      3 
258.51565      2 
260.23682      1 
261.43643      2 
263.90174      3 
266.49414      4 
268.89909      3 
271.29714      2 
272.99777      1 
275.78217      2 
277.98585      3 
280.35642      4 
282.72016      3 
285.07709      2 
286.75746      1 
288.75247      2 
290.64284      3 
293.11819      4 
295.44129      3 
297.75768      2 
299.41804      1 
300.64075      2 
303.00587      3 
305.56255      4 
307.84557      3 
310.12197      2 
312.75667      1 
314.75347      2 
317.51835      3 
319.52065      4 
321.76414      3 
324.00109      2 
325.62222      1 
327.6172       2 
329.46665      3 
331.88846      4 
334.09296      3 
336.29102      2 
338.88669      1 
340.88356      2 
343.63997      3 
345.60783      4 
347.77388      3 
349.93358      2 
351.51648      1 
353.51147      2 
355.33104      3 
356.67604      4 
358.91644      3 
361.0383       2 
362.60245      1 
364.59745      2 
367.34671      3 
369.44363      4 
371.53436      3 
373.6189       2 
376.15803      1 
378.15498      2 
380.90446      3 
382.81307      4 
384.86691      3 
386.91465      2 
389.43544      1 
391.43243      2 
393.42941      3 
395.4529       4 
397.47035      3 
399.48179      2 
401.98451      1 
403.98152      2 
405.97853      3 
407.96606      4 
409.94763      3 
411.92328      2 
414.40816      1 
415.65711      2 
417.26958      3 
419.56415      4 
421.51034      3 
423.45068      2 
424.92468      1 
427.67091      2 
429.0316       3 
431.17558      4 
433.08687      3 
434.99239      2 
437.44234      1 
439.43943      2 
441.43653      3 
443.3191       4 
445.19596      3 
447.06714      2 
448.50667      1 
451.25622      2 
453.49423      3 
455.34277      4 
457.18568      3 
459.02299      2 
460.44562      1 
462.44088      2 
464.10553      3 
466.46411      4 
468.27355      3 
470.07745      2 
471.48339      1 
472.72481      2 
474.7609       3 
477.34464      4 
479.12105      3 
480.892        2 
482.28147      1 
485.04012      2 
487.26933      3 
489.01857      4 
490.76241      3 
492.50087      2 
493.87408      1 
495.86951      2 
497.47657      3 
498.86165      4 
500.98512      3 
502.69153      2 
504.04868      1 
506.04418      2 
507.63151      3 
509.01441      4 
511.14134      3 
512.81615      2 
515.15117      1 
517.92724      2 
520.17982      3 
522.93448      4 
524.5449       3 
526.18853      2 
527.51418      1 
529.50981      2 
531.05694      3 
533.45908      4 
535.07707      3 
536.68996      2 
538.00016      1 
539.21584      2 
541.17719      3 
542.68462      4 
544.98219      3 
546.56477      2 
548.85381      1 
551.64739      2 
552.90772      3 
554.47032      4 
556.02794      3 
557.58061      2 
559.85475      1 
561.85214      2 
563.84954      3 
565.38251      4 
566.91057      3 
568.43375      2 
569.69876      1 
571.6947       2 
574.50011      3 
576.00385      4 
577.50276      3 
578.99685      2 
580.24717      1 
582.2432       2 
583.68587      3 
586.16046      4 
587.63062      3 
589.09602      2 
590.33185      1 
591.51477      2 
593.44176      3 
594.88326      4 
597.26992      3 
598.70703      2 
599.92854      1 
602.75444      2 
604.91858      3 
606.33704      4 
607.75087      3 
609.16008      2 
