1.2062136      1 
3.2025297      2 
4.5782271      3 
7.1123291      4 
8.4962927      3 
9.8757011      2 
11.067976      1 
13.064388      2 
14.417973      3 
15.723289      4 
18.026906      3 
19.379204      2 
21.5534        1 
23.551014      2 
25.548644      3 
26.883075      4 
28.213064      3 
29.538622      2 
31.699474      1 
32.834179      2 
34.116117      3 
35.370132      4 
36.631134      3 
38.702055      2 
40.849743      1 
43.723489      2 
45.847382      3 
47.108713      4 
48.386202      3 
49.65938       2 
50.797635      1 
51.919815      2 
53.032427      3 
54.900349      4 
56.403902      3 
58.751525      2 
60.873419      1 
61.98007       2 
64.77836       3 
66.008983      4 
67.235404      3 
68.457633      2 
70.566892      1 
71.663765      2 
72.86678       3 
74.069301      4 
76.519231      3 
77.716509      2 
78.816011      1 
80.813158      2 
82.006672      3 
83.207566      4 
84.473689      3 
86.78188       2 
88.866381      1 
89.943122      2 
91.104173      3 
92.273901      4 
94.819378      3 
95.967778      2 
98.040151      1 
100.03806      2 
101.10216      3 
102.16298      4 
104.04453      3 
105.16899      2 
107.2294       1 
109.22735      2 
110.281        3 
112.22942      4 
113.33419      3 
114.43505      2 
116.48366      1 
118.48164      2 
120.47964      3 
121.56494      4 
122.64637      3 
123.72394      2 
124.76204      1 
125.79908      2 
127.76317      3 
128.85767      4 
130.09027      3 
132.73394      2 
134.75943      1 
136.75749      2 
137.77891      3 
138.79932      4 
139.82307      3 
141.75135      2 
143.7655       1 
144.77788      2 
145.80121      3 
146.82754      4 
147.93142      3 
150.75222      2 
152.7552       1 
154.75335      2 
157.75151      3 
160.74641      4 
163.73766      3 
166.72526      2 
169.71722      1 
172.70721      2 
175.68087      3 
178.63928      4 
181.46386      3 
182.7208       2 
185.70189      1 
187.70012      2 
189.69836      3 
192.64992      4 
195.59792      3 
198.54236      2 
200.51341      1 
202.51147      2 
205.47941      3 
208.40974      4 
211.33655      3 
214.25986      2 
216.22057      1 
218.21859      2 
220.21476      3 
223.12619      4 
226.03211      3 
228.93459      2 
231.88396      1 
234.83333      2 
237.7198       3 
240.58337      4 
243.34668      3 
244.89987      2 
246.84033      1 
248.83826      2 
250.83222      3 
253.70504      4 
256.57004      3 
259.43168      2 
261.36221      1 
264.29467      2 
267.23008      3 
269.34053      4 
272.18549      3 
275.02713      2 
276.94788      1 
278.94574      2 
280.93676      3 
283.77298      4 
286.59818      3 
289.4201       2 
291.33119      1 
293.32902      2 
295.31833      3 
298.13698      4 
300.94268      3 
303.74516      2 
305.64672      1 
307.64451      2 
309.63195      3 
312.43352      4 
315.21999      3 
318.00329      2 
319.89545      1 
322.79592      2 
324.89019      3 
327.66084      4 
330.42836      3 
333.19273      2 
336.07311      1 
338.07168      2 
340.07024      3 
342.82215      4 
345.57096      3 
348.31668      2 
351.18774      1 
354.07255      2 
356.82519      3 
359.58521      4 
362.31559      3 
364.18019      2 
367.04207      1 
368.16096      2 
370.03738      3 
372.77291      4 
375.48509      3 
378.19426      2 
381.04707      1 
383.04571      2 
385.91717      3 
388.8038       4 
390.98168      3 
393.67295      2 
396.51683      1 
398.51549      2 
400.51416      3 
403.19363      4 
405.87018      3 
408.54379      2 
411.37886      1 
414.2383       2 
416.93832      3 
419.66792      4 
422.39566      3 
424.34643      2 
426.17629      1 
429.03125      2 
430.29091      3 
432.9455       4 
435.58738      3 
438.22642      2 
441.04423      1 
443.04296      2 
445.89125      3 
448.76401      4 
451.64916      3 
453.9284       2 
456.73775      1 
458.73651      2 
460.73526      3 
463.3462       4 
465.95436      3 
468.55976      2 
470.36467      1 
472.36217      2 
475.20054      3 
477.79493      4 
480.38658      3 
482.97551      2 
484.77233      1 
486.76981      2 
489.60331      3 
492.18138      4 
494.75675      3 
497.32943      2 
499.11827      1 
501.11573      2 
503.06767      3 
505.68697      4 
508.24628      3 
510.80294      2 
513.57964      1 
515.57848      2 
517.5773       3 
520.1234       4 
522.66687      3 
525.20772      2 
527.97655      1 
529.9754       2 
532.79539      3 
534.87613      4 
537.40398      3 
539.92925      2 
541.69478      1 
543.69219      2 
545.63375      3 
548.2204       4 
550.73284      3 
553.24274      2 
555.00071      1 
557.8131       2 
559.99388      3 
562.49365      4 
564.9909       3 
567.48563      2 
570.23146      1 
572.23036      2 
574.22925      3 
576.71399      4 
579.19626      3 
581.67604      2 
584.41441      1 
586.41333      2 
589.21814      3 
592.07218      4 
594.24899      3 
596.71403      2 
599.44505      1 
602.24608      2 
603.58716      3 
606.04248      4 
608.49538      3 
610.94587      2 
612.67462      1 
614.67197      2 
617.46986      3 
619.91077      4 
622.34929      3 
624.78544      2 
627.50206      1 
630.29673      2 
632.85264      3 
634.51805      4 
636.9424       3 
639.3644       2 
641.07912      1 
642.28217      2 
644.74483      3 
647.33946      4 
649.74982      3 
652.15787      2 
