2.1830052      1 
4.1621618      2 
6.1413843      3 
7.382967       4 
8.5834587      3 
9.7429542      2 
11.802405      1 
12.839776      2 
13.879288      3 
16.740127      4 
19.696116      3 
22.61161       2 
25.549027      1 
28.470108      2 
31.262291      3 
32.568765      4 
35.283488      3 
37.958334      2 
40.775572      1 
42.755875      2 
44.736216      3 
47.25247       4 
49.729305      3 
52.166811      2 
54.865688      1 
56.846257      2 
59.614743      3 
61.608915      4 
63.851131      3 
66.054558      2 
68.6368        1 
69.872417      2 
72.499309      3 
74.548474      4 
76.559296      3 
78.531862      2 
80.005811      1 
81.984838      2 
84.726263      3 
86.546688      4 
88.329296      3 
90.074175      2 
91.4344        1 
93.413701      2 
94.957567      3 
96.311967      4 
98.419229      3 
99.939549      2 
102.18144      1 
104.16277      2 
106.14415      3 
107.51648      4 
108.85203      3 
110.15088      2 
111.28574      1 
112.39065      2 
113.47612      3 
114.55379      4 
116.48964      3 
119.1645       2 
120.18741      1 
121.1919       2 
123.15347      3 
126.10087      4 
129.00472      3 
131.86972      2 
133.78606      1 
135.76798      2 
137.73755      3 
140.47888      4 
143.16662      3 
145.81915      2 
148.62756      1 
151.4568       2 
152.73715      3 
155.24966      4 
157.72737      3 
160.17035      2 
161.87948      1 
164.65754      2 
166.00106      3 
168.36479      4 
170.63536      3 
172.87168      2 
175.47261      1 
177.45565      2 
178.69161      3 
180.87276      4 
182.93903      3 
184.97153      2 
186.47758      1 
187.71982      2 
189.82132      3 
192.35316      4 
194.21794      3 
196.04942      2 
198.44869      1 
199.67956      2 
201.18971      3 
203.44795      4 
205.11402      3 
206.74723      2 
209.04771      1 
211.03123      2 
213.01479      3 
214.51735      4 
215.98743      3 
217.42511      2 
218.63288      1 
220.6152       2 
221.94509      3 
223.21379      4 
224.46891      3 
226.55289      2 
228.6596       1 
229.74193      2 
230.88914      3 
232.0166       4 
234.57286      3 
235.6275       2 
236.6395       1 
238.62374      2 
241.58598      3 
244.51674      4 
247.41488      3 
250.28193      2 
252.20155      1 
255.11188      2 
258.01753      3 
260.11973      4 
262.83244      3 
265.51449      2 
267.34343      1 
270.18633      2 
272.30975      3 
274.86988      4 
277.3997       3 
279.89929      2 
282.63372      1 
285.42613      2 
287.96187      3 
289.60839      4 
291.95784      3 
294.27748      2 
296.92222      1 
298.90749      2 
300.89277      3 
303.09382      4 
305.26539      3 
307.40754      2 
308.97032      1 
310.21004      2 
312.39162      3 
314.91198      4 
316.9081       3 
318.87522      2 
320.35105      1 
322.33468      2 
325.07749      3 
326.92926      4 
328.75235      3 
330.54683      2 
332.92997      1 
335.68781      2 
337.94834      3 
339.4924       4 
341.14483      3 
342.76905      2 
345.06735      1 
347.85363      2 
349.10078      3 
350.61279      4 
352.09692      3 
353.55321      2 
354.77275      1 
357.59725      2 
358.77728      3 
359.91673      4 
361.7701       3 
363.06079      2 
365.1927       1 
367.1789       2 
369.16515      3 
370.3467       4 
371.50111      3 
372.62846      2 
374.67876      1 
375.71439      2 
376.7643       3 
377.79176      4 
380.62495      3 
383.59126      2 
386.56099      1 
389.51786      2 
392.39615      3 
395.22311      4 
397.91535      3 
399.52617      2 
402.41648      1 
405.30557      2 
408.04698      3 
410.77782      4 
412.40518      3 
415.05586      2 
416.87166      1 
418.8578       2 
421.68664      3 
424.23406      4 
426.75581      3 
429.25195      2 
431.98696      1 
433.97437      2 
435.96178      3 
438.35608      4 
440.72506      3 
443.06878      2 
444.73352      1 
446.71937      2 
448.58113      3 
451.00892      4 
453.22723      3 
455.42063      2 
458.00478      1 
459.24298      2 
461.88074      3 
463.97508      4 
466.0448       3 
468.08994      2 
469.60687      1 
470.85114      2 
471.96965      3 
474.11755      4 
476.56426      3 
478.46319      2 
480.90066      1 
482.88856      2 
484.12632      3 
486.13058      4 
487.9092       3 
489.66392      2 
491.03601      1 
493.79557      2 
496.7089       3 
498.35374      4 
499.98981      3 
501.6023       2 
503.89705      1 
506.68551      2 
508.89401      3 
510.33711      4 
511.83258      3 
513.3048       2 
514.53473      1 
515.70725      2 
517.61108      3 
519.00526      4 
521.42976      3 
522.76364      2 
524.91942      1 
526.90787      2 
528.02229      3 
529.91638      4 
531.13643      3 
532.33387      2 
533.424        1 
535.41183      2 
536.55046      3 
539.34551      4 
540.43068      3 
541.49355      2 
542.51456      1 
544.50301      2 
547.49         3 
550.46424      4 
553.41638      3 
556.34654      2 
559.30052      1 
562.24512      2 
565.10295      3 
567.9187       4 
570.62214      3 
572.27383      2 
575.1624       1 
577.15172      2 
579.14107      3 
581.85407      4 
584.54563      3 
587.2158       2 
590.03992      1 
592.02942      2 
594.01894      3 
596.60403      4 
599.16798      3 
601.71082      2 
604.47143      1 
607.27979      2 
609.85739      3 
612.52378      4 
614.37732      3 
616.79459      2 
