1.1968473      1 
3.1838992      2 
6.0310732      3 
7.3461291      4 
8.6383568      3 
9.9078088      2 
11.034742      1 
12.139966      2 
13.23193       3 
15.07392       4 
16.489317      3 
18.946739      2 
21.002628      1 
22.045609      2 
23.116436      3 
24.175447      4 
25.257279      3 
27.946771      2 
30.935787      1 
33.913509      2 
36.840243      3 
39.718214      4 
42.42814       3 
43.912631      2 
46.835718      1 
49.753315      2 
52.556204      3 
55.330623      4 
56.842747      3 
59.58105       2 
62.439182      1 
65.306577      2 
68.008239      3 
70.722164      4 
72.422714      3 
75.032761      2 
77.826887      1 
79.816463      2 
81.806052      3 
84.331576      4 
86.83609       3 
89.319644      2 
91.055568      1 
93.850238      2 
95.183813      3 
97.624742      4 
100.00421      3 
102.36301      2 
104.03747      1 
106.80745      2 
109.01155      3 
111.28813      4 
113.54428      3 
115.78004      2 
117.39372      1 
119.38183      2 
121.21086      3 
123.6061       4 
125.74062      3 
127.85503      2 
130.40213      1 
132.39217      2 
135.138        3 
138.00103      4 
139.94153      3 
141.93626      2 
143.43043      1 
144.6761       2 
146.7853       3 
148.33787      4 
149.63233      3 
151.67973      2 
154.10842      1 
156.85887      2 
159.15832      3 
161.86936      4 
163.57501      3 
165.33529      2 
167.706        1 
169.6963       2 
170.92121      3 
172.87733      4 
174.54182      3 
176.18729      2 
178.50078      1 
179.71077      2 
181.15695      3 
183.46355      4 
185.01454      3 
186.54677      2 
187.80936      1 
189.79835      2 
191.23637      3 
192.56963      4 
194.77132      3 
196.19187      2 
197.39798      1 
198.5589       2 
200.46332      3 
201.83754      4 
203.19472      3 
205.34752      2 
206.49768      1 
207.62221      2 
208.73038      3 
210.57463      4 
213.37247      3 
214.57425      2 
215.66896      1 
217.65911      2 
218.81595      3 
219.97019      4 
221.18478      3 
223.60314      2 
225.64171      1 
226.67085      2 
227.71613      3 
228.75043      4 
229.78914      3 
232.78811      2 
234.77415      1 
237.75148      2 
240.72058      3 
242.74506      4 
245.64709      3 
248.53185      2 
251.46545      1 
253.45694      2 
255.44845      3 
258.26454      4 
261.06355      3 
263.84553      2 
265.73027      1 
267.72117      2 
269.69549      3 
270.82412      4 
273.52477      3 
276.20538      2 
278.04042      1 
279.17647      2 
281.82756      3 
284.51433      4 
287.11154      3 
289.69218      2 
291.47812      1 
294.30038      2 
297.15751      3 
299.31983      4 
301.81821      3 
304.30026      2 
307.03285      1 
309.02486      2 
310.22223      3 
312.66203      4 
315.06294      3 
317.44774      2 
320.13186      1 
322.90896      2 
325.41298      3 
328.07046      4 
330.82664      3 
332.87135      2 
334.51358      1 
336.50398      2 
338.35928      3 
340.78321      4 
342.99319      3 
345.18749      2 
347.77668      1 
350.5291       2 
352.9493       3 
354.65009      4 
356.76656      3 
358.86757      2 
360.41681      1 
362.40724      2 
364.18753      3 
366.55364      4 
368.57789      3 
370.58689      2 
372.09045      1 
374.08093      2 
375.81847      3 
377.19018      4 
379.33506      3 
381.25332      2 
382.71172      1 
384.70228      2 
387.44937      3 
389.30783      4 
391.15142      3 
392.98018      2 
395.3873       1 
396.62526      2 
398.16508      3 
400.43624      4 
402.19136      3 
403.93186      2 
406.29501      1 
408.28763      2 
411.05579      3 
412.69584      4 
414.36371      3 
416.01715      2 
417.34308      1 
418.5611       2 
420.52015      3 
423.16706      4 
424.74888      3 
426.31647      2 
428.59344      1 
430.58622      2 
431.7786       3 
432.91822      4 
434.02586      3 
435.72921      2 
436.96922      1 
438.96067      2 
440.37272      3 
442.86664      4 
444.27988      3 
445.67928      2 
447.87237      1 
449.86533      2 
451.0119       3 
452.90873      4 
454.23941      3 
455.55645      2 
456.71234      1 
458.70434      2 
459.98092      3 
461.23283      4 
463.64075      3 
464.87655      2 
465.99102      1 
467.98335      2 
469.18638      3 
470.38499      4 
471.63457      3 
473.93556      2 
475.00903      1 
477.00171      2 
478.12678      3 
479.25648      4 
481.94996      3 
483.02664      2 
484.05952      1 
485.08653      2 
486.10959      3 
488.04569      4 
489.18051      3 
492.18041      2 
494.17349      1 
496.1671       2 
499.14746      3 
502.09485      4 
505.02947      3 
507.95136      2 
509.90685      1 
511.9003       2 
514.84519      3 
517.71643      4 
520.57507      3 
523.42116      2 
526.33774      1 
529.2542       2 
532.06347      3 
534.85249      4 
537.57205      3 
539.32408      2 
541.20585      1 
543.19902      2 
545.17574      3 
547.91841      4 
550.62822      3 
553.32582      2 
556.16824      1 
559.02873      2 
561.72369      3 
564.44256      4 
567.15763      3 
569.10671      2 
570.91665      1 
572.9096       2 
574.86282      3 
577.49137      4 
580.05641      3 
582.60957      2 
585.37992      1 
587.37416      2 
590.189        3 
592.25861      4 
594.75276      3 
597.23518      2 
599.97027      1 
601.96458      2 
603.95889      3 
606.39471      4 
608.81893      3 
611.23159      2 
