2.1783957      1 
3.3056085      2 
6.0389932      3 
7.2438393      4 
8.3984631      3 
9.5029804      2 
11.530322      1 
12.53264       2 
15.460309      3 
18.367574      4 
21.223285      3 
24.029578      2 
26.907821      1 
29.777536      2 
32.460795      3 
35.140313      4 
37.806728      3 
39.731305      2 
42.462797      1 
44.438693      2 
47.214064      3 
49.214179      4 
51.484333      3 
53.706418      2 
55.299629      1 
58.040622      2 
60.886615      3 
62.824646      4 
64.808044      3 
66.744033      2 
69.188462      1 
71.164839      2 
73.141243      3 
74.88869       4 
76.589273      3 
78.243099      2 
80.546942      1 
82.523546      2 
84.5002        3 
85.968075      4 
87.38973       3 
88.765271      2 
90.930323      1 
93.788657      2 
95.886292      3 
97.066811      4 
98.213372      3 
99.314453      2 
101.34239      1 
103.31968      2 
105.29727      3 
108.21816      4 
111.09341      3 
113.9238       2 
115.81867      1 
118.70274      2 
120.77202      3 
123.42403      4 
126.03169      3 
128.59512      2 
131.35447      1 
134.15341      2 
135.46952      3 
137.85701      4 
140.20077      3 
142.5009       2 
145.12901      1 
147.10741      2 
149.85533      3 
151.78228      4 
153.86576      3 
155.90621      2 
157.41163      1 
158.65159      2 
160.7377       3 
162.27259      4 
164.47106      3 
166.25539      2 
167.63307      1 
169.61001      2 
171.16939      3 
173.5367       4 
175.11031      3 
176.64206      2 
178.88734      1 
180.05817      2 
181.39376      3 
183.77935      4 
185.10326      3 
186.38589      2 
188.50687      1 
190.48618      2 
192.46557      3 
193.58403      4 
194.66168      3 
195.69862      2 
198.69677      1 
200.67648      2 
202.6563       3 
205.53131      4 
208.36609      3 
211.16071      2 
214.03773      1 
216.01787      2 
217.99806      3 
220.63299      4 
223.22823      3 
225.78386      2 
227.54615      1 
229.52531      2 
232.31673      3 
234.71487      4 
237.07386      3 
239.39379      2 
242.03407      1 
244.79016      2 
246.15333      3 
248.31793      4 
250.44392      3 
252.53139      2 
255.05587      1 
257.79569      2 
259.1534       3 
261.08767      4 
262.98387      3 
264.84207      2 
267.25235      1 
269.23338      2 
270.46038      3 
272.41423      4 
274.08378      3 
275.71587      2 
278.01348      1 
279.21073      2 
280.61433      3 
281.9          4 
283.97995      3 
285.38903      2 
286.57995      1 
288.56004      2 
289.85387      3 
291.09597      4 
293.46876      3 
294.6579       2 
295.73668      1 
296.79521      2 
297.83862      3 
299.69565      4 
300.79109      3 
303.78924      2 
305.75805      1 
307.74019      2 
310.67594      3 
313.5052       4 
316.29893      3 
319.0572       2 
321.91839      1 
323.90088      2 
326.75329      3 
328.80769      4 
331.38993      3 
333.93721      2 
336.69312      1 
339.49388      2 
342.04605      3 
343.67353      4 
346.04719      3 
348.38638      2 
351.03855      1 
353.79933      2 
356.24979      3 
357.9329       4 
360.10085      3 
362.2348       2 
364.78473      1 
366.76785      2 
368.00899      3 
369.12192      4 
370.17721      3 
372.1395       2 
374.58861      1 
376.57188      2 
377.80808      3 
379.80537      4 
381.57035      3 
383.30224      2 
384.65827      1 
386.6399       2 
389.40912      3 
391.00945      4 
392.57708      3 
394.11208      2 
396.36359      1 
399.1711       2 
401.34236      3 
402.70095      4 
404.07394      3 
405.41476      2 
406.57334      1 
408.55598      2 
409.80283      3 
411.01638      4 
412.24617      3 
414.47682      2 
416.5358       1 
417.57715      2 
418.63499      3 
419.6663       4 
422.66552      3 
425.62593      2 
428.59043      1 
431.54015      2 
432.62023      3 
435.45617      4 
438.26117      3 
441.0353       2 
443.9067       1 
446.77958      2 
449.48463      3 
452.19168      4 
454.87984      3 
456.79866      2 
459.57838      1 
461.56338      2 
464.37123      3 
466.41991      4 
468.85914      3 
471.26834      2 
472.96309      1 
474.94669      2 
476.82388      3 
479.2715       4 
481.5316       3 
483.76209      2 
486.36242      1 
487.59687      2 
490.23877      3 
492.35149      4 
494.43493      3 
496.48917      2 
498.00832      1 
499.25141      2 
501.37629      3 
503.90527      4 
505.81447      3 
507.69488      2 
510.12082      1 
512.86975      2 
514.19749      3 
515.96333      4 
517.7007       3 
519.40966      2 
521.75019      1 
523.73594      2 
524.94669      3 
526.08614      4 
527.88569      3 
529.42557      2 
530.68735      1 
532.6717       2 
534.0934       3 
536.56863      4 
537.96938      3 
539.34249      2 
541.51555      1 
543.50165      2 
544.62466      3 
545.72259      4 
547.50527      3 
548.71391      2 
550.80485      1 
552.79117      2 
554.77754      3 
555.8778       4 
556.95111      3 
557.99754      2 
559.00769      1 
561.99402      2 
563.98065      3 
566.9207       4 
569.83366      3 
572.72011      2 
575.64994      1 
577.63682      2 
579.62376      3 
582.40478      4 
585.15959      3 
587.88827      2 
589.74234      1 
591.72859      2 
593.6873       3 
596.3497       4 
598.94855      3 
601.52161      2 
603.29928      1 
606.11333      2 
608.96395      3 
611.84561      4 
614.05653      3 
616.47612      2 
