2.173786       1 
3.2940513      2 
4.5009828      3 
7.04211        4 
8.1508658      3 
9.2004048      2 
12.195619      1 
15.160695      2 
18.021153      3 
20.791605      4 
23.403099      3 
25.07965       2 
26.902367      1 
28.872566      2 
30.794177      3 
33.335389      4 
35.742479      3 
38.091969      2 
39.743594      1 
41.713418      2 
43.532254      3 
45.898826      4 
47.962299      3 
49.968964      2 
51.450688      1 
53.420501      2 
55.08275       3 
56.44022       4 
58.501985      3 
60.170536      2 
61.483173      1 
63.453373      2 
64.904275      3 
66.215983      4 
68.374578      3 
69.709664      2 
70.853577      1 
73.72586       2 
74.810581      3 
76.773146      4 
77.833848      3 
78.840051      2 
80.816449      1 
83.766393      2 
86.693112      3 
89.598336      4 
91.675891      3 
94.357732      2 
96.17523       1 
98.147692      2 
100.95863      3 
103.42671      4 
105.84166      3 
108.2036       2 
109.86365      1 
111.07867      2 
113.36263      3 
114.85541      4 
117.11103      3 
119.15746      2 
120.66126      1 
123.39495      2 
124.7352       3 
126.81893      4 
128.60576      3 
130.34102      2 
131.68947      1 
132.90242      2 
134.8266       3 
136.28541      4 
137.62032      3 
139.61502      2 
140.8087       1 
143.64671      2 
144.78202      3 
146.74696      4 
147.92281      3 
149.0485       2 
150.08759      1 
151.10125      2 
153.03909      3 
155.97794      4 
158.85894      3 
161.68611      2 
163.57715      1 
165.55214      2 
168.41334      3 
171.04379      4 
173.62534      3 
176.15811      2 
177.90461      1 
180.69399      2 
182.85165      3 
185.19039      4 
187.4809       3 
189.7233       2 
192.32035      1 
195.0645       2 
196.42641      3 
198.47746      4 
200.48093      3 
202.43696      2 
203.89807      1 
205.87251      2 
208.6143       3 
210.38159      4 
212.10198      3 
213.77556      2 
216.08925      1 
218.06584      2 
220.85303      3 
223.79444      4 
225.23146      3 
226.62649      2 
228.80127      1 
229.92797      2 
231.16008      3 
233.68291      4 
234.84873      3 
235.96903      2 
238.00658      1 
240.96959      2 
242.96121      3 
245.90046      4 
248.79471      3 
251.64406      2 
254.54611      1 
256.52386      2 
258.50169      3 
261.17248      4 
263.79888      3 
266.381        2 
269.14968      1 
271.12779      2 
273.92165      3 
275.94758      4 
278.30982      3 
280.62838      2 
282.27158      1 
285.02457      2 
287.22246      3 
289.36734      4 
291.46904      3 
293.52767      2 
295.04213      1 
297.77804      2 
299.12737      3 
300.306        4 
302.2788       3 
304.08107      2 
306.46119      1 
308.43997      2 
311.20225      3 
312.7972       4 
314.38853      3 
315.93797      2 
317.19758      1 
318.37821      2 
320.26887      3 
321.65754      4 
322.99258      3 
325.0962       2 
326.22933      1 
328.20745      2 
329.39066      3 
332.11619      4 
333.21108      3 
334.26522      2 
335.2722       1 
338.25186      2 
341.21854      3 
344.1106       4 
346.96238      3 
349.77397      2 
351.6619       1 
353.64143      2 
356.50765      3 
359.15939      4 
361.7714       3 
364.34377      2 
366.11429      1 
368.91916      2 
371.76182      3 
373.88082      4 
376.25635      3 
378.59279      2 
380.24709      1 
382.22607      2 
384.06625      3 
386.46283      4 
388.60514      3 
390.70888      2 
393.24147      1 
395.98157      2 
397.34108      3 
399.29148      4 
401.20377      3 
403.07802      2 
405.4963       1 
406.72953      2 
409.32582      3 
411.04884      4 
412.73426      3 
414.38218      2 
416.68768      1 
418.66889      2 
419.86063      3 
421.75088      4 
423.21256      3 
424.63725      2 
425.8361       1 
427.81614      2 
429.12318      3 
431.7047       4 
432.94572      3 
434.15025      2 
435.23692      1 
436.30244      2 
437.3528       3 
439.20186      4 
440.37252      3 
443.37112      2 
445.34736      1 
448.30616      2 
451.24939      3 
454.17678      4 
457.07785      3 
459.2245       2 
462.09316      1 
464.07563      2 
465.19973      3 
467.83642      4 
470.43347      3 
472.99552      2 
475.7588       1 
477.74154      2 
480.53848      3 
482.57507      4 
484.96334      3 
487.31709      2 
489.97653      1 
491.95948      2 
493.94243      3 
496.15891      4 
498.34127      3 
500.48958      2 
502.05312      1 
504.79417      2 
507.01291      3 
509.02584      4 
511.00511      3 
512.95081      2 
515.40698      1 
518.15075      2 
520.45382      3 
523.15327      4 
524.8534       3 
526.59927      2 
527.96231      1 
529.18554      2 
531.14559      3 
532.64441      4 
534.90312      3 
536.4519       2 
538.71029      1 
539.89128      2 
542.55104      3 
543.96995      4 
545.35657      3 
546.71099      2 
547.87649      1 
549.85907      2 
551.118        3 
552.34034      4 
553.575        3 
555.78128      2 
556.84888      1 
558.83219      2 
559.9066       3 
560.95744      4 
561.98352      3 
564.98086      2 
566.95263      1 
569.90943      2 
571.9209       3 
574.76995      4 
577.58802      3 
580.3752       2 
583.25312      1 
586.13078      2 
588.84538      3 
590.28626      4 
592.92001      3 
595.52328      2 
598.30941      1 
600.2944       2 
603.10556      3 
605.95195      4 
608.09269      3 
610.51458      2 
