2.1645658      1 
4.1253271      2 
5.201405       3 
7.0568482      4 
8.0738681      3 
11.013451      2 
12.94596       1 
14.907465      2 
16.853297      3 
19.51441       4 
22.069473      3 
24.548164      2 
26.2544        1 
28.215166      2 
30.054559      3 
32.433136      4 
34.532593      3 
36.556726      2 
38.037951      1 
40.767159      2 
42.083626      3 
44.1099        4 
45.760012      3 
47.335836      2 
48.59245       1 
50.553563      2 
51.88947       3 
53.12704       4 
55.417703      3 
56.551379      2 
58.581754      1 
61.545193      2 
63.508822      3 
66.351114      4 
69.12098       3 
71.818585      2 
73.634752      1 
76.452597      2 
79.287961      3 
81.367225      4 
83.70602       3 
85.973548      2 
87.577819      1 
88.80275       2 
90.972345      3 
92.481257      4 
94.662307      3 
96.50567       2 
98.892452      1 
100.8574       2 
102.82241      3 
104.38623      4 
105.88058      3 
107.30561      2 
109.48383      1 
110.60328      2 
111.80114      3 
114.34261      4 
115.42342      3 
116.43586      2 
119.4079       1 
122.34637      2 
125.14492      3 
127.86341      4 
129.34225      3 
131.94778      2 
134.71661      1 
135.88672      2 
137.63359      3 
140.07505      4 
142.34575      3 
144.54996      2 
146.12517      1 
147.35545      2 
149.4927       3 
151.99292      4 
153.8669       3 
155.6753       2 
158.04696      1 
160.01424      2 
161.98157      3 
163.52912      4 
165.01184      3 
166.42987      2 
167.61127      1 
169.57739      2 
170.80369      3 
171.96939      4 
174.45599      3 
175.48902      2 
177.47402      1 
180.42761      2 
183.35288      3 
185.36365      4 
188.07989      3 
190.73322      2 
192.53217      1 
194.50002      2 
196.40676      3 
198.90728      4 
201.24817      3 
203.527        2 
206.1353       1 
208.10452      2 
210.07376      3 
212.10579      4 
214.07648      3 
215.98597      2 
218.4103       1 
219.63793      2 
222.22287      3 
223.88895      4 
225.49454      3 
227.03976      2 
229.28255      1 
231.25236      2 
233.22224      3 
234.52741      4 
235.7729       3 
236.95886      2 
238.02417      1 
239.05868      2 
240.96387      3 
243.91659      4 
246.80926      3 
249.6409       2 
251.5296       1 
253.50003      2 
255.44636      3 
258.08359      4 
260.62368      3 
263.10587      2 
264.82293      1 
267.59599      2 
270.42658      3 
272.47773      4 
274.67238      3 
276.80992      2 
278.35666      1 
279.5918       2 
281.70679      3 
283.23134      4 
284.50274      3 
286.48504      2 
287.86243      1 
289.08215      2 
290.21587      3 
292.11143      4 
293.63684      3 
295.75133      2 
296.95992      1 
298.10713      2 
299.97113      3 
301.25242      4 
302.52642      3 
304.80239      2 
306.84104      1 
308.81369      2 
311.78646      3 
314.70033      4 
317.56003      3 
320.3657       2 
322.24393      1 
325.11127      2 
327.97808      3 
330.08177      4 
332.61913      3 
335.10319      2 
337.81837      1 
339.79199      2 
341.76565      3 
344.03777      4 
346.2572       3 
348.42408      2 
350.98121      1 
353.71907      2 
356.07152      3 
357.71929      4 
359.62518      3 
361.47923      2 
363.88054      1 
365.85468      2 
367.82886      3 
369.47675      4 
371.0734       3 
372.61893      2 
373.8719       1 
375.84467      2 
377.21439      3 
378.49054      4 
379.72899      3 
381.75282      2 
383.84851      1 
385.82328      2 
387.79816      3 
388.83886      4 
391.82973      3 
394.77087      2 
397.71648      1 
399.69178      2 
402.59535      3 
404.62002      4 
407.31423      3 
409.95938      2 
412.7572       1 
414.73294      2 
417.53824      3 
419.56864      4 
421.97026      3 
424.32351      2 
425.98155      1 
428.73715      2 
430.09177      3 
432.34987      4 
434.46293      3 
436.52828      2 
439.03714      1 
441.01342      2 
443.75202      3 
445.52968      4 
447.35814      3 
449.13955      2 
451.50697      1 
453.48346      2 
455.46         3 
457.05428      4 
458.60205      3 
460.10342      2 
462.33125      1 
464.308        2 
465.45307      3 
467.31722      4 
468.58816      3 
469.81334      2 
470.90585      1 
473.81954      2 
474.86415      3 
475.8863       4 
478.88519      3 
481.83797      2 
484.79172      1 
487.72492      2 
490.53654      3 
491.8038       4 
494.53245      3 
497.21659      2 
499.03975      1 
501.87324      2 
503.99219      3 
506.49928      4 
508.96236      3 
511.38154      2 
513.07438      1 
515.05112      2 
516.91352      3 
519.33486      4 
521.53603      3 
523.69389      2 
526.25114      1 
528.22964      2 
530.20817      3 
532.19382      4 
534.13667      3 
536.0368       2 
537.47236      1 
539.44915      2 
541.07838      3 
543.41713      4 
545.10521      3 
546.75117      2 
548.05941      1 
549.26139      2 
551.17343      3 
552.6141       4 
554.93964      3 
556.33491      2 
557.51648      1 
558.65243      2 
560.53056      3 
561.80573      4 
563.09565      3 
565.39121      2 
566.44653      1 
568.42523      2 
569.45392      3 
572.37903      4 
575.32396      3 
578.22814      2 
580.16141      1 
582.14112      2 
585.0423       3 
587.78578      4 
590.48933      3 
593.15302      2 
594.96841      1 
596.9477       2 
598.88109      3 
600.08594      4 
602.56966      3 
604.99617      2 
