2.171481       1 
4.1391412      2 
6.106904       3 
7.2566451      4 
8.342467       3 
9.3645169      2 
12.343668      1 
15.291046      2 
18.111671      3 
20.849264      4 
22.288617      3 
24.931109      2 
27.720683      1 
30.528087      2 
33.07699       3 
35.704474      4 
38.401287      3 
40.371309      2 
41.980457      1 
44.720041      2 
46.912766      3 
48.934219      4 
50.894351      3 
52.793306      2 
55.212384      1 
57.181892      2 
58.401203      3 
60.320413      4 
61.915583      3 
63.450416      2 
64.693324      1 
67.500805      2 
68.670756      3 
70.630336      4 
71.86556       3 
73.041276      2 
75.0996        1 
76.127083      2 
79.039444      3 
81.97855       4 
84.858775      3 
87.68031       2 
90.561553      1 
92.532457      2 
94.503447      3 
97.09157       4 
99.621675      3 
102.0939       2 
103.80605      1 
105.77597      2 
107.63748      3 
110.05248      4 
112.23728      3 
114.36499      2 
115.90686      1 
118.63984      2 
120.8436       3 
122.74427      4 
124.58851      3 
126.37644      2 
128.74251      1 
130.71441      2 
131.92004      3 
133.81175      4 
135.3201       3 
136.77293      2 
138.97194      1 
140.11063      2 
141.36263      3 
142.55409      4 
143.72706      3 
145.83129      2 
147.86523      1 
149.83788      2 
152.81068      3 
155.7152       4 
158.56558      3 
161.36195      2 
164.23293      1 
167.09535      2 
169.76056      3 
171.23612      4 
173.76429      3 
176.23918      2 
178.94978      1 
181.72386      2 
184.20382      3 
185.85766      4 
188.06803      3 
190.22586      2 
191.78496      1 
193.75702      2 
195.50282      3 
197.8317       4 
199.72865      3 
201.57378      2 
203.97064      1 
206.72066      2 
208.01516      3 
209.65421      4 
211.24204      3 
212.77876      2 
214.0273       1 
216.00008      2 
218.82127      3 
220.15475      4 
221.43771      3 
222.67027      2 
223.7642       1 
225.73789      2 
226.82664      3 
227.87007      4 
230.66149      3 
233.59436      2 
235.537        1 
237.5122       2 
240.41314      3 
243.14802      4 
245.83376      3 
248.47047      2 
250.26808      1 
251.42418      2 
253.94714      3 
256.53496      4 
258.92823      3 
261.27315      2 
262.92708      1 
265.68151      2 
267.03689      3 
269.28961      4 
271.39444      3 
273.45158      2 
274.96299      1 
276.20179      2 
277.31875      3 
279.40208      4 
280.92588      3 
283.02162      2 
284.39146      1 
286.36611      2 
287.90872      3 
289.25691      4 
290.50272      3 
292.38699      2 
294.61084      1 
296.5876       2 
298.56442      3 
299.87333      4 
301.13638      3 
302.35368      2 
304.43971      1 
305.49847      2 
306.5811       3 
307.62525      4 
310.62391      3 
313.56893      2 
315.51992      1 
317.49743      2 
319.46794      3 
322.24535      4 
324.96632      3 
327.64279      2 
330.45854      1 
332.43654      2 
334.41459      3 
336.91409      4 
339.3696       3 
341.78122      2 
344.46489      1 
347.23237      2 
348.58379      3 
350.82087      4 
353.01456      3 
355.16497      2 
357.7185       1 
360.45863      2 
362.81899      3 
365.48048      4 
367.26838      3 
369.16117      2 
371.58638      1 
373.56509      2 
376.31568      3 
377.98284      4 
379.66365      3 
381.30236      2 
383.60097      1 
385.57988      2 
386.76581      3 
388.64719      4 
390.07684      3 
391.46496      2 
392.6429       1 
394.62073      2 
395.88404      3 
398.51168      4 
399.69361      3 
400.83459      2 
401.88628      1 
403.86501      2 
404.88596      3 
407.81663      4 
410.75481      3 
413.65204      2 
416.58032      1 
419.49363      2 
422.27046      3 
425.00777      4 
426.55432      3 
429.21115      2 
431.02318      1 
433.00246      2 
435.81962      3 
438.31803      4 
440.77705      3 
443.19679      2 
444.89219      1 
446.87122      2 
448.73982      3 
451.1716       4 
453.39625      3 
455.58215      2 
457.16203      1 
458.3975       2 
460.58718      3 
462.11614      4 
464.34416      3 
466.29945      2 
468.75809      1 
471.50055      2 
473.80038      3 
475.40248      4 
477.16801      3 
478.89584      2 
480.24752      1 
482.22685      2 
484.99767      3 
486.57562      4 
488.1163       3 
489.61981      2 
490.85856      1 
492.03033      2 
493.92028      3 
495.29346      4 
496.62942      3 
498.7623       2 
499.8887       1 
500.9871       2 
502.87888      3 
504.06193      4 
505.29684      3 
507.77942      2 
509.79346      1 
511.77553      2 
514.75367      3 
517.67394      4 
520.55847      3 
523.40734      2 
526.31377      1 
529.2113       2 
531.96124      3 
534.68764      4 
537.36361      3 
539.21771      2 
541.02207      1 
542.17562      2 
544.73632      3 
547.3542       4 
549.81619      3 
552.24349      2 
554.93958      1 
556.14611      2 
557.87488      3 
560.2952       4 
562.55027      3 
564.77112      2 
567.36434      1 
569.3474       2 
572.09319      3 
574.0033       4 
576.05428      3 
578.07152      2 
580.56332      1 
582.54653      2 
584.52976      3 
586.41282      4 
588.26252      3 
590.07895      2 
592.47072      1 
594.45408      2 
597.21341      3 
600.12491      4 
601.76114      3 
603.37951      2 
605.67259      1 
607.65612      2 
609.6397       3 
611.12755      4 
612.58296      3 
614.00601      2 
