2.1760909      1 
4.1483498      2 
6.1206961      3 
7.3071738      4 
8.4388637      3 
9.5158918      2 
10.52753       1 
12.50118       2 
15.419203      3 
18.285627      4 
21.09123       3 
23.842922      2 
26.691599      1 
28.664904      2 
30.638275      3 
33.175565      4 
35.659564      3 
38.090392      2 
39.784422      1 
42.550245      2 
45.382761      3 
47.423881      4 
49.590695      3 
51.70507       2 
54.236051      1 
56.209996      2 
58.183961      3 
60.089787      4 
61.943775      3 
63.746046      2 
65.128076      1 
67.100378      2 
68.651794      3 
69.999151      4 
72.087807      3 
73.582263      2 
74.809426      1 
76.782316      2 
78.111155      3 
79.363532      4 
81.676476      3 
82.867348      2 
84.937865      1 
85.98085       2 
87.023635      3 
90.022917      4 
92.963993      3 
95.855454      2 
98.776243      1 
101.67899      2 
104.42647      3 
107.13708      4 
109.79042      3 
111.64041      2 
114.41378      1 
116.38959      2 
119.18284      3 
121.20427      4 
123.55746      3 
125.86239      2 
127.49657      1 
130.2458       2 
132.4428       3 
134.55579      4 
136.62108      3 
138.63878      2 
141.1239       1 
142.36219      2 
144.95547      3 
146.78387      4 
148.56522      3 
150.29963      2 
151.64998      1 
152.86503      2 
154.79679      3 
157.43578      4 
158.9371       3 
160.39211      2 
161.60164      1 
163.57696      2 
164.88517      3 
166.12848      4 
167.35723      3 
169.47871      2 
170.5478       1 
171.59287      2 
172.61719      3 
175.61621      4 
178.58933      3 
181.49702      2 
183.42975      1 
185.40719      2 
188.30398      3 
191.03258      4 
193.71666      3 
196.35633      2 
199.15371      1 
201.13176      2 
203.10985      3 
205.57288      4 
207.992        3 
210.36733      2 
213.03291      1 
214.24848      2 
215.94761      3 
218.31638      4 
220.47419      3 
222.5888       2 
225.12449      1 
227.10304      2 
229.0816       3 
231.02439      4 
232.92448      3 
234.78196      2 
237.18958      1 
238.41943      2 
241.01471      3 
242.70274      4 
244.34864      3 
245.95253      2 
248.23378      1 
249.42225      2 
250.80085      3 
252.07384      4 
254.17411      3 
255.52789      2 
257.68438      1 
260.54909      2 
262.64468      3 
263.82259      4 
264.97057      3 
266.07767      2 
267.11195      1 
269.09083      2 
272.06342      3 
275.00836      4 
277.91249      3 
280.77631      2 
282.68982      1 
284.66945      2 
287.55488      3 
290.25837      4 
292.92202      3 
295.5459       2 
297.34174      1 
299.32098      2 
301.24569      3 
303.79164      4 
306.2181       3 
308.60534      2 
310.28471      1 
312.26372      2 
315.02346      3 
317.25475      4 
319.44728      3 
321.60114      2 
324.15869      1 
326.1395       2 
328.12032      3 
330.12037      4 
332.08219      3 
334.00587      2 
335.45546      1 
336.69371      2 
337.82441      3 
339.84788      4 
342.315        3 
344.01167      2 
345.3477       1 
347.32709      2 
350.10382      3 
351.65087      4 
353.16074      3 
354.63351      2 
356.85168      1 
358.83306      2 
359.97872      3 
361.08823      4 
362.84338      3 
364.09533      2 
366.20328      1 
368.18494      2 
370.16666      3 
371.27309      4 
372.34334      3 
373.3775       2 
375.3766       1 
377.35888      2 
380.32276      3 
383.2134       4 
386.06837      3 
388.88774      2 
391.77944      1 
394.66543      2 
397.39257      3 
398.80797      4 
401.45061      3 
404.05815      2 
405.84823      1 
407.82973      2 
409.75562      3 
412.30403      4 
414.73726      3 
417.13587      2 
418.82313      1 
420.03221      2 
422.39174      3 
424.92765      4 
427.15435      3 
429.3469       2 
431.92603      1 
433.90911      2 
436.65324      3 
438.54814      4 
440.57115      3 
442.56048      2 
444.04507      1 
446.02638      2 
447.72156      3 
449.09011      4 
451.18925      3 
452.97815      2 
455.35621      1 
457.3396       2 
459.32301      3 
460.97983      4 
462.60382      3 
464.19505      2 
466.47459      1 
469.26845      2 
471.45818      3 
472.85849      4 
474.28707      3 
475.68335      2 
476.87011      1 
479.71436      2 
480.86113      3 
482.84105      4 
484.0769       3 
485.2809       2 
486.36965      1 
488.3528       2 
489.46975      3 
490.56849      4 
491.69609      3 
494.28388      2 
497.27536      1 
500.25083      2 
503.1627       3 
506.01322      4 
507.26471      3 
510.09204      2 
512.99002      1 
514.9747       2 
517.85669      3 
519.90925      4 
522.58269      3 
525.22556      2 
528.03146      1 
530.0164       2 
532.00136      3 
534.52267      4 
537.01377      3 
539.47472      2 
542.18989      1 
544.97402      2 
547.48993      3 
550.1384       4 
552.01453      3 
554.29606      2 
555.9278       1 
557.15467      2 
559.43526      3 
561.95867      4 
564.09256      3 
566.19714      2 
567.74127      1 
569.72482      2 
571.48418      3 
573.83291      4 
575.79187      3 
577.72192      2 
580.17259      1 
582.15817      2 
583.39623      3 
585.40423      4 
587.19068      3 
588.9486       2 
591.31352      1 
592.53736      2 
594.02194      3 
596.29448      4 
597.91077      3 
599.49893      2 
600.78506      1 
602.76929      2 
605.56709      3 
607.04338      4 
608.49186      3 
609.91259      2 
