1.1640086      1 
3.1185116      2 
4.2685025      3 
5.3370537      4 
7.9859362      3 
10.871352      2 
12.77242       1 
15.642667      2 
17.68443       3 
20.224833      4 
22.679681      3 
25.049171      2 
26.696988      1 
29.437789      2 
30.778804      3 
32.939949      4 
34.885589      3 
36.747044      2 
38.142509      1 
39.358121      2 
40.483056      3 
42.331841      4 
43.820835      3 
45.940543      2 
47.083236      1 
48.173074      2 
50.01735       3 
51.062148      4 
53.914532      3 
56.78251       2 
59.674546      1 
62.539994      2 
65.187583      3 
67.822682      4 
69.523177      3 
71.902042      2 
74.55098       1 
76.510918      2 
79.248068      3 
81.122753      4 
83.100595      3 
84.998786      2 
86.41492       1 
88.373292      2 
89.927475      3 
92.268764      4 
93.771444      3 
95.195567      2 
97.36873       1 
98.48087       2 
99.654774      3 
100.76197      4 
101.81479      3 
104.80135      2 
107.74083      1 
109.70232      2 
111.66395      3 
114.3124       4 
116.88426      3 
119.3797       2 
121.09419      1 
123.85964      2 
126.01334      3 
128.20489      4 
130.32091      3 
132.36157      2 
133.85102      1 
135.08251      2 
136.19969      3 
137.2629       4 
139.45912      3 
141.68651      2 
142.95135      1 
144.91243      2 
146.26135      3 
147.507        4 
149.77802      3 
150.92777      2 
152.96618      1 
154.9296       2 
157.89319      3 
160.75141      4 
163.53717      3 
166.25063      2 
168.07458      1 
170.03794      2 
171.94877      3 
173.16429      4 
175.54662      3 
177.82978      2 
180.43564      1 
182.40026      2 
184.3649       3 
186.36449      4 
188.2936       3 
190.15238      2 
191.55344      1 
194.2966       2 
195.57552      3 
197.56446      4 
199.07405      3 
200.51428      2 
202.7001       1 
203.82464      2 
205.03409      3 
206.18104      4 
208.54624      3 
209.57368      2 
212.55321      1 
214.51916      2 
217.43463      3 
219.43437      4 
222.12215      3 
224.74247      2 
226.52295      1 
229.32236      2 
232.15359      3 
234.22769      4 
236.51302      3 
238.73181      2 
240.31425      1 
241.54359      2 
243.69062      3 
245.2059       4 
246.45939      3 
248.44253      2 
250.82136      1 
253.57333      2 
254.84575      3 
256.40756      4 
257.9045       3 
259.33672      2 
261.52084      1 
262.64615      2 
263.86089      3 
266.38254      4 
267.4934       3 
268.54043      2 
270.53227      1 
272.50087      2 
274.46623      3 
277.26708      4 
279.99716      3 
282.66428      2 
285.46615      1 
287.43497      2 
290.23345      3 
292.24703      4 
294.60156      3 
296.894        2 
298.51516      1 
301.25712      2 
303.44752      3 
305.49305      4 
307.4772       3 
309.40011      2 
310.83781      1 
313.57551      2 
314.88178      3 
316.90343      4 
318.52228      3 
320.08075      2 
321.33559      1 
323.3037       2 
324.6606       3 
325.92215      4 
328.18954      3 
329.38856      2 
331.45853      1 
333.42877      2 
334.43906      3 
337.41918      4 
340.32244      3 
343.16696      2 
346.05969      1 
348.03056      2 
350.88666      3 
352.91788      4 
355.47071      3 
357.9656       2 
359.68892      1 
361.65886      2 
364.4238       3 
366.68828      4 
368.89549      3 
371.04556      2 
372.59852      1 
374.56829      2 
377.30155      3 
379.22438      4 
381.09072      3 
382.9007       2 
385.27776      1 
387.24963      2 
390.01263      3 
391.56571      4 
393.09586      3 
394.57044      2 
395.7852       1 
397.75582      2 
399.05619      3 
401.63202      4 
402.83061      3 
403.97438      2 
405.0204       1 
406.99209      2 
409.95545      3 
412.88192      4 
415.75351      3 
418.57103      2 
420.45507      1 
422.42776      2 
424.37596      3 
427.01724      4 
429.56632      3 
432.06207      2 
433.78808      1 
435.76031      2 
438.52868      3 
440.81238      4 
443.04338      3 
445.22179      2 
447.78466      1 
449.75856      2 
451.73247      3 
453.70175      4 
455.61903      3 
457.48446      2 
458.89806      1 
460.87029      2 
462.46084      3 
463.8157       4 
465.88908      3 
467.44582      2 
468.70446      1 
470.6772       2 
472.05568      3 
474.55356      4 
475.85631      3 
477.10861      2 
479.20982      1 
480.27927      2 
481.38124      3 
482.44229      4 
483.4475       3 
486.43937      2 
489.39044      1 
492.31902      2 
495.11694      3 
496.39974      4 
499.10473      3 
501.76065      2 
503.56768      1 
506.3894       2 
508.51534      3 
510.9761       4 
513.38836      3 
515.75222      2 
518.40979      1 
519.62701      2 
521.31608      3 
523.66816      4 
525.79171      3 
527.86752      2 
529.38822      1 
532.12298      2 
533.47114      3 
535.57791      4 
537.41672      3 
539.20845      2 
540.58751      1 
541.81055      2 
543.7636       3 
545.25149      4 
546.58699      3 
548.56104      2 
550.79395      1 
552.77069      2 
554.7475       3 
556.0744       4 
557.35541      3 
558.59063      2 
560.68561      1 
562.6627       2 
564.63987      3 
565.69298      4 
566.70083      3 
569.66352      2 
571.62315      1 
572.66095      2 
575.49617      3 
578.29741      4 
581.03585      3 
583.72975      2 
585.5577       1 
586.69601      2 
589.2824       3 
591.90726      4 
594.38         3 
596.80881      2 
