2.1576499      1 
3.2528872      2 
4.3765386      3 
5.4186068      4 
7.9750881      3 
10.833983      2 
12.719322      1 
14.673798      2 
16.595223      3 
19.150332      4 
21.555072      3 
23.869961      2 
25.488518      1 
28.221386      2 
31.053822      3 
32.923346      4 
34.792078      3 
36.572194      2 
37.924615      1 
39.878478      2 
41.334623      3 
42.626071      4 
44.751401      3 
46.004094      2 
47.089408      1 
48.128629      2 
51.124237      3 
52.963694      4 
55.786071      3 
58.518591      2 
61.341561      1 
64.158689      2 
66.710995      3 
68.272159      4 
70.576666      3 
72.796161      2 
74.369794      1 
76.3258        2 
78.046662      3 
79.383858      4 
81.429148      3 
83.142671      2 
84.463982      1 
86.420237      2 
87.839306      3 
90.275058      4 
91.572252      3 
92.786756      2 
93.854862      1 
95.812236      2 
98.756025      3 
101.64342      4 
104.44732      3 
107.16967      2 
108.99344      1 
111.81214      2 
113.90907      3 
116.30707      4 
118.62445      3 
120.8614       2 
123.43963      1 
125.39969      2 
126.6299       3 
127.73625      4 
129.64654      3 
131.40477      2 
132.75084      1 
134.70935      2 
136.17104      3 
137.47117      4 
139.59902      3 
140.8851       2 
141.99223      1 
143.05527      2 
144.91921      3 
147.86443      4 
150.76308      3 
153.5835       2 
156.45497      1 
159.30759      2 
161.93495      3 
164.56819      4 
166.29783      3 
168.659        2 
170.30728      1 
172.26794      2 
175.00425      3 
177.06276      4 
179.04605      3 
180.95428      2 
183.37107      1 
184.59328      2 
186.06734      3 
188.29361      4 
189.82915      3 
191.29067      2 
192.48945      1 
193.62289      2 
194.71508      3 
196.46035      4 
197.7547       3 
200.29552      2 
203.2695       1 
206.20747      2 
209.00032      3 
211.70994      4 
213.19551      3 
215.78193      2 
218.53893      1 
221.3262       2 
223.82673      3 
225.44764      4 
227.67652      3 
229.83439      2 
231.38434      1 
234.114        2 
235.45531      3 
237.5439       4 
239.34915      3 
241.08436      2 
243.41725      1 
246.18331      2 
248.37145      3 
249.76257      4 
251.15         3 
252.46836      2 
254.59334      1 
256.55881      2 
257.61032      3 
259.49328      4 
262.46865      3 
265.37589      2 
268.29533      1 
271.18838      2 
273.90018      3 
275.28938      4 
277.85834      3 
280.36011      2 
282.08227      1 
284.04764      2 
285.90667      3 
288.31477      4 
290.48291      3 
292.58478      2 
295.10264      1 
297.0697       2 
299.80384      3 
301.55036      4 
303.32319      3 
305.03066      2 
307.35203      1 
309.31939      2 
310.50218      3 
312.35995      4 
313.74291      3 
315.0614       2 
317.18875      1 
319.15652      2 
321.12441      3 
322.18656      4 
325.18499      3 
328.11986      2 
330.05684      1 
332.02519      2 
334.90977      3 
337.59181      4 
340.21101      3 
342.76752      2 
345.51421      1 
347.48316      2 
350.25684      3 
352.24419      4 
354.48936      3 
356.67271      2 
359.23344      1 
361.96903      2 
364.31356      3 
366.96903      4 
368.71549      3 
370.53081      2 
371.91474      1 
373.88242      2 
375.42272      3 
376.76155      4 
378.84618      3 
380.29852      2 
382.49498      1 
384.46489      2 
387.32121      3 
388.53192      4 
389.6856       3 
390.77996      2 
392.7976       1 
395.76801      2 
398.72653      3 
401.65457      4 
403.66731      3 
406.4086       2 
408.25301      1 
410.22328      2 
413.04674      3 
415.55536      4 
418.00614      3 
420.39923      2 
423.06676      1 
425.82439      2 
427.17526      3 
429.33887      4 
431.44544      3 
433.4951       2 
434.99821      1 
436.96801      2 
438.65296      3 
440.97176      4 
442.73884      3 
444.4498       2 
445.78374      1 
446.99037      2 
448.89897      3 
450.33731      4 
451.66716      3 
453.67921      2 
455.84034      1 
456.95375      2 
458.14904      3 
460.71604      4 
461.81809      3 
462.86554      2 
464.8621       1 
466.83527      2 
468.80634      3 
471.64169      4 
474.41806      3 
477.14058      2 
478.97804      1 
480.95057      2 
483.77308      3 
486.28146      4 
488.73663      3 
491.13869      2 
493.81299      1 
495.7867       2 
498.54115      3 
501.37727      4 
504.27075      3 
506.28504      2 
507.8085       1 
510.5421       2 
511.88814      3 
513.06333      4 
515.01942      3 
516.79371      2 
518.16172      1 
520.13406      2 
521.66747      3 
524.04223      4 
525.56003      3 
527.02689      2 
528.24008      1 
530.21304      2 
531.51906      3 
532.7569       4 
533.97753      3 
536.10468      2 
537.16328      1 
538.19612      2 
540.11293      3 
543.07461      4 
545.99007      3 
548.85468      2 
551.76206      1 
554.65398      2 
557.38043      3 
560.08009      4 
561.70695      3 
564.27664      2 
566.04131      1 
568.01591      2 
569.9171       3 
572.40472      4 
574.73174      3 
577.01055      2 
578.63182      1 
580.6062       2 
582.41118      3 
583.74025      4 
585.90954      3 
587.90148      2 
590.37378      1 
592.35011      2 
595.09206      3 
596.81844      4 
598.57433      3 
600.28334      2 
602.61468      1 
604.59124      2 
606.56784      3 
608.09039      4 
609.56659      3 
610.99656      2 
