1.1522584      1 
2.2369428      2 
4.0522049      3 
6.9721685      4 
9.8306477      3 
12.577806      2 
14.400161      1 
17.206627      2 
19.288155      3 
21.600533      4 
23.804842      3 
25.90133       2 
28.395796      1 
31.118678      2 
33.368575      3 
34.880272      4 
36.441371      3 
37.89613       2 
39.075075      1 
40.181461      2 
41.993813      3 
43.039874      4 
45.859346      3 
48.684475      2 
51.542813      1 
54.374418      2 
56.940161      3 
58.46295       4 
60.764029      3 
62.961673      2 
65.508825      1 
66.733826      2 
68.284944      3 
69.556049      4 
70.705427      3 
72.469118      2 
74.709527      1 
75.854864      2 
77.090386      3 
78.232753      4 
80.49793       3 
83.472777      2 
86.40985       1 
88.359819      2 
91.214283      3 
94.051299      4 
96.099819      3 
98.475844      2 
101.11416      1 
102.32751      2 
103.95121      3 
106.1998       4 
108.0831       3 
109.86853      2 
111.21899      1 
112.41736      2 
114.28015      3 
115.65409      4 
116.92856      3 
118.9761       2 
120.03117      1 
121.03669      2 
122.94288      3 
125.79489      4 
126.95206      3 
129.58501      2 
132.35148      1 
134.30426      2 
137.06778      3 
139.88491      4 
141.8674       3 
143.92932      2 
146.41347      1 
148.36676      2 
151.10019      3 
152.7299       4 
154.32563      3 
155.82876      2 
158.03443      1 
159.98819      2 
161.08414      3 
162.13658      4 
163.85711      3 
166.80914      2 
168.74096      1 
170.69563      2 
172.63188      3 
175.25716      4 
177.75572      3 
180.16422      2 
182.82332      1 
184.03302      2 
185.68093      3 
187.96072      4 
189.92198      3 
191.79442      2 
193.19307      1 
195.14685      2 
196.66529      3 
197.98032      4 
200.05019      3 
201.39394      2 
203.52236      1 
206.40479      2 
208.43523      3 
211.38936      4 
214.29808      3 
217.1204       2 
218.99095      1 
220.94765      2 
223.76743      3 
226.24613      4 
228.6394       3 
230.94746      2 
232.56493      1 
233.78469      2 
235.94958      3 
238.43307      4 
240.31798      3 
242.11885      2 
244.47756      1 
246.43565      2 
248.3938       3 
249.86043      4 
251.24397      3 
252.54462      2 
253.65683      1 
254.72199      2 
256.57939      3 
259.52071      4 
262.41109      3 
265.2184       2 
267.08385      1 
269.04281      2 
270.96379      3 
273.5119       4 
275.91327      3 
278.23402      2 
280.854        1 
282.07472      2 
284.68799      3 
286.68808      4 
288.60847      3 
290.44934      2 
291.83682      1 
293.79524      2 
295.31282      3 
297.67584      4 
299.12186      3 
300.48945      2 
302.63439      1 
304.5952       2 
306.55614      3 
307.61183      4 
310.59         3 
313.49081      2 
316.40243      1 
319.28495      2 
321.96856      3 
324.62103      4 
327.24975      3 
329.1436       2 
331.82553      1 
333.78771      2 
336.53371      3 
338.44899      4 
340.51065      3 
342.49707      2 
344.95282      1 
346.91537      2 
348.87795      3 
350.56516      4 
352.178        3 
353.71663      2 
354.95445      1 
356.91564      2 
358.22121      3 
359.43872      4 
360.62073      3 
362.76048      2 
364.7725       1 
366.73666      2 
368.69861      3 
371.51056      4 
374.24416      3 
376.90559      2 
379.70001      1 
381.66424      2 
383.62854      3 
386.00293      4 
388.30596      3 
390.53781      2 
393.11811      1 
395.08277      2 
396.31477      3 
397.42075      4 
399.36478      3 
401.17296      2 
402.54869      1 
405.2986       2 
406.56167      3 
408.54025      4 
409.99981      3 
411.39013      2 
413.55104      1 
415.51642      2 
417.48191      3 
418.59686      4 
419.64336      3 
422.62158      2 
424.57751      1 
426.54367      2 
429.4396       3 
432.14623      4 
434.78535      3 
437.35712      2 
439.11372      1 
441.90101      2 
444.04244      3 
446.34636      4 
448.58369      3 
450.7546       2 
453.30684      1 
455.27385      2 
457.24088      3 
459.14762      4 
460.98869      3 
462.76425      2 
465.11956      1 
467.08686      2 
469.05422      3 
470.56924      4 
472.0195       3 
473.40515      2 
475.56602      1 
476.67535      2 
479.43118      3 
480.55987      4 
481.62468      3 
482.62577      2 
485.59444      1 
488.5321       2 
491.33382      3 
494.05974      4 
496.67681      3 
498.44633      2 
500.22981      1 
501.39227      2 
503.86469      3 
505.26599      4 
507.63798      3 
509.88575      2 
512.47857      1 
514.44781      2 
515.68058      3 
517.78429      4 
519.72427      3 
521.60312      2 
524.01218      1 
525.9817       2 
527.95127      3 
529.58699      4 
531.16229      3 
532.67729      2 
534.90501      1 
536.87485      2 
538.84477      3 
540.11999      4 
541.33562      3 
542.49178      2 
544.54032      1 
546.51062      2 
548.48132      3 
551.40142      4 
554.26231      3 
557.06456      2 
559.93617      1 
561.9071       2 
564.74902      3 
567.59734      4 
569.70585      3 
572.15905      2 
573.86183      1 
575.0617       2 
577.4055       3 
578.8723       4 
581.15787      3 
583.26682      2 
585.7928       1 
587.76445      2 
589.00036      3 
591.03138      4 
592.85707      3 
594.6265       2 
596.98335      1 
598.95526      2 
600.92721      3 
602.47289      4 
603.96296      3 
605.39753      2 
