2.1322865      1 
3.1859314      2 
5.9818451      3 
8.8208         4 
11.516744      3 
14.071479      2 
16.778142      1 
19.519701      2 
21.881197      3 
23.472257      4 
25.325811      3 
27.040095      2 
29.32803       1 
32.102863      2 
33.242699      3 
34.403111      4 
35.425852      3 
38.311238      2 
41.185157      1 
44.01309       2 
46.546438      3 
49.106676      4 
50.831429      3 
52.89931       2 
54.372424      1 
56.30308       2 
59.033231      3 
60.56236       4 
61.957575      3 
63.219187      2 
65.283508      1 
67.217026      2 
69.15072       3 
71.890218      4 
74.48841       3 
76.954834      2 
78.627698      1 
80.560941      2 
83.279992      3 
85.222372      4 
87.034494      3 
88.71666       2 
89.998954      1 
91.932058      2 
94.748333      3 
95.913658      4 
96.950516      3 
99.859203      2 
101.75171      1 
103.68799      2 
105.58389      3 
106.7767       4 
109.07897      3 
111.22481      2 
113.73465      1 
116.45202      2 
118.69199      3 
120.18487      4 
121.70302      3 
123.0965       2 
124.23486      1 
125.30226      2 
127.11076      3 
130.01155      4 
132.79555      3 
135.447        2 
138.2111       1 
140.15007      2 
142.08914      3 
144.25159      4 
146.29249      3 
148.21212      2 
150.61159      1 
152.55119      2 
154.49087      3 
155.92822      4 
157.24569      3 
158.44355      2 
159.48413      1 
162.48331      2 
164.36743      3 
167.10021      4 
169.70419      3 
172.19022      2 
173.87958      1 
175.81973      2 
177.60399      3 
179.90905      4 
181.80935      3 
183.59332      2 
185.92749      1 
187.11256      2 
188.44634      3 
189.64819      4 
190.78099      3 
192.64768      2 
194.63645      1 
197.56858      2 
200.45188      3 
202.42959      4 
204.95141      3 
207.36007      2 
210.00775      1 
211.95157      2 
214.67645      3 
216.48343      4 
218.33018      3 
220.06533      2 
222.37748      1 
224.32183      2 
227.11687      3 
228.40066      4 
229.58163      3 
230.65253      2 
232.63347      1 
233.65112      2 
236.40423      3 
239.08292      4 
241.60726      3 
244.02304      2 
245.68231      1 
247.62697      2 
249.39714      3 
250.70899      4 
252.7621       3 
254.53177      2 
255.86968      1 
257.8143       2 
260.59533      3 
261.93919      4 
263.17721      3 
264.30964      2 
265.32365      1 
268.27115      2 
271.18322      3 
273.89569      4 
276.50379      3 
279.00774      2 
281.70751      1 
284.45971      2 
286.86279      3 
288.48666      4 
290.47348      3 
292.35759      2 
294.74857      1 
295.95653      2 
298.5305       3 
300.00613      4 
301.38022      3 
302.65301      2 
304.73908      1 
305.77213      2 
308.62604      3 
311.49771      4 
314.2675       3 
316.93737      2 
318.72631      1 
320.67587      2 
322.54499      3 
323.79544      4 
326.02785      3 
328.1031       2 
330.59158      1 
333.31716      2 
335.57303      3 
337.09583      4 
338.6818       3 
340.17058      2 
342.36679      1 
344.31826      2 
345.40357      3 
346.4447       4 
347.44761      3 
350.39039      2 
353.29756      1 
355.24994      2 
358.08734      3 
360.08366      4 
362.51813      3 
364.85807      2 
367.48071      1 
369.43379      2 
371.38691      3 
373.35091      4 
375.22148      3 
376.99881      2 
379.34119      1 
381.2947       2 
384.07262      3 
385.46418      4 
386.77859      3 
388.00105      2 
389.0685       1 
391.02116      2 
393.95155      3 
396.81188      4 
399.57778      3 
402.25299      2 
404.04909      1 
406.84791      2 
408.9552       3 
411.26977      4 
413.4947       3 
415.63018      2 
417.15987      1 
418.38842      2 
420.42997      3 
421.92742      4 
423.20621      3 
425.1055       2 
427.36337      1 
428.52348      2 
429.8044       3 
432.19369      4 
433.35888      3 
434.43707      2 
437.43275      1 
440.38421      2 
443.18834      3 
445.88704      4 
448.45901      3 
450.2221       2 
451.96403      1 
453.92031      2 
455.7742       3 
458.16825      4 
460.30263      3 
462.35238      2 
463.84176      1 
466.56812      2 
468.75092      3 
470.46414      4 
472.09371      3 
473.63983      2 
475.87155      1 
477.82986      2 
478.95083      3 
480.78024      4 
481.91195      3 
482.96135      2 
484.94532      1 
487.88884      2 
490.79683      3 
493.67494      4 
495.73023      3 
498.28974      2 
501.02872      1 
502.98848      2 
504.94829      3 
507.18495      4 
509.34136      3 
511.41771      2 
512.92261      1 
514.8809       2 
516.53804      3 
517.88264      4 
519.91491      3 
521.51474      2 
523.77555      1 
525.73611      2 
526.87855      3 
528.70963      4 
529.91737      3 
531.04724      2 
533.0734       1 
535.03506      2 
537.98434      3 
540.80449      4 
543.54766      3 
546.21402      2 
549.00859      1 
550.97052      2 
552.93252      3 
555.29342      4 
557.57839      3 
559.78761      2 
562.35434      1 
564.31672      2 
566.27912      3 
568.18709      4 
570.02016      3 
571.77853      2 
574.12067      1 
576.08339      2 
578.04617      3 
579.50742      4 
580.89482      3 
582.20853      2 
584.32888      1 
585.40353      2 
586.49597      3 
587.52031      4 
590.51218      3 
593.38735      2 
595.29058      1 
598.16874      2 
600.21643      3 
602.80259      4 
605.31691      3 
607.75956      2 
