1.1334331      1 
2.186084       2 
3.9880402      3 
6.838205       4 
9.5376679      3 
12.064914      2 
13.760937      1 
15.687375      2 
17.447243      3 
19.719819      4 
21.523264      3 
23.182949      2 
24.446922      1 
26.373066      2 
27.598144      3 
28.686862      4 
31.157421      3 
33.96397       2 
35.798376      1 
37.727577      2 
40.491106      3 
42.731273      4 
44.831279      3 
46.79145       2 
48.208551      1 
50.136889      2 
51.603847      3 
52.866485      4 
54.934326      3 
56.062218      2 
59.057351      1 
60.988637      2 
62.920245      3 
65.49965       4 
67.942722      3 
70.249776      2 
72.835324      1 
74.767741      2 
76.700213      3 
78.466319      4 
80.097965      3 
81.595462      2 
82.782036      1 
84.713022      2 
85.814002      3 
88.567622      4 
91.401342      3 
94.100409      2 
96.883647      1 
98.817966      2 
100.7524       3 
102.92528      4 
104.96738      3 
106.879        2 
109.26987      1 
110.46936      2 
113.03307      3 
114.42573      4 
115.6894       3 
116.82438      2 
118.82768      1 
121.76355      2 
123.69972      3 
126.32288      4 
128.81883      3 
131.18785      2 
133.80887      1 
135.02066      2 
136.60269      3 
137.85881      4 
139.80508      3 
141.41867      2 
142.6687       1 
145.46422      2 
147.53856      3 
148.65431      4 
151.64631      3 
154.51485      2 
157.38728      1 
160.22029      2 
162.77387      3 
165.34893      4 
167.98438      3 
169.85196      2 
171.36472      1 
173.3023       2 
174.91345      3 
176.23153      4 
178.21694      3 
179.62597      2 
180.77461      1 
181.85231      2 
183.66043      3 
186.56942      4 
189.38744      3 
192.08172      2 
194.86948      1 
197.65402      2 
200.12036      3 
202.69819      4 
204.4634       3 
206.45276      2 
208.88927      1 
211.61747      2 
213.82281      3 
215.25051      4 
216.65985      3 
217.95397      2 
220.04378      1 
221.98627      2 
223.92994      3 
226.76787      4 
229.48994      3 
232.09839      2 
233.85032      1 
236.61805      2 
238.73297      3 
240.88954      4 
242.9338       3 
244.86599      2 
246.28296      1 
249.01389      2 
251.16477      3 
252.65131      4 
254.02706      3 
255.2923       2 
257.36997      1 
258.39115      2 
261.23291      3 
264.06378      4 
266.78023      3 
269.38768      2 
271.14138      1 
272.31324      2 
274.65029      3 
277.1288       4 
279.19499      3 
281.15369      2 
282.58619      1 
284.5307       2 
286.06548      3 
288.39584      4 
289.82072      3 
291.13958      2 
293.24636      1 
295.19343      2 
296.1945       3 
299.14028      4 
301.93267      3 
304.62049      2 
307.41194      1 
308.56626      2 
310.29329      3 
312.68435      4 
314.85294      3 
316.91839      2 
319.3997       1 
321.34839      2 
323.29713      3 
324.95244      4 
326.50579      3 
327.95743      2 
330.1328       1 
332.08202      2 
334.03139      3 
335.07852      4 
338.0251       3 
340.87136      2 
343.7442       1 
346.58764      2 
349.17892      3 
351.7816       4 
353.51618      3 
355.76539      2 
357.34688      1 
359.29601      2 
362.01844      3 
363.87418      4 
365.63212      3 
367.29248      2 
369.57426      1 
372.35801      2 
373.53041      3 
374.80271      4 
375.97856      3 
377.05817      2 
379.05013      1 
381.00281      2 
382.9492       3 
385.66259      4 
388.26434      3 
390.77118      2 
393.47698      1 
396.23455      2 
398.65489      3 
400.28524      4 
402.32078      3 
404.26271      2 
405.69377      1 
406.91391      2 
408.84427      3 
411.42836      4 
412.90548      3 
414.29027      2 
415.44069      1 
418.30538      2 
419.35984      3 
420.3687       4 
423.329        3 
426.16432      2 
428.03898      1 
429.99341      2 
431.91083      3 
434.4508       4 
436.834        3 
439.12739      2 
441.72914      1 
443.68456      2 
446.41278      3 
448.21543      4 
450.06292      3 
451.82183      2 
454.15733      1 
455.35213      2 
456.72626      3 
459.00574      4 
460.32487      3 
461.55666      2 
463.62915      1 
464.65648      2 
467.53003      3 
470.41597      4 
473.21401      3 
475.92591      2 
478.73859      1 
479.88289      2 
481.64315      3 
484.1016       4 
486.38572      3 
488.58488      2 
490.14843      1 
492.10443      2 
493.81563      3 
496.11487      4 
497.89213      3 
499.5856       2 
500.89682      1 
502.85311      2 
504.25736      3 
506.70658      4 
507.98395      3 
509.17867      2 
510.23662      1 
512.19406      2 
515.1291       3 
517.99846      4 
520.7828       3 
523.48563      2 
526.29609      1 
529.10777      2 
530.3835       3 
532.76217      4 
535.06026      3 
537.27797      2 
539.84662      1 
541.80669      2 
543.76679      3 
545.66479      4 
547.48332      3 
549.22256      2 
551.55287      1 
552.74881      2 
554.13006      3 
556.41492      4 
557.76048      3 
559.02784      2 
561.12273      1 
562.17417      2 
563.20901      3 
565.99364      4 
568.8748       3 
571.67676      2 
573.54186      1 
575.50309      2 
577.4275       3 
579.98567      4 
582.40469      3 
584.74766      2 
586.38694      1 
588.34759      2 
591.08237      3 
593.12285      4 
595.08813      3 
596.97841      2 
598.39289      1 
600.35358      2 
601.91234      3 
603.24711      4 
604.47121      3 
606.30966      2 
