1.1310778      1 
3.0528156      2 
5.9548377      3 
8.7600802      4 
11.410157      3 
13.909913      2 
15.590106      1 
16.783357      2 
18.929014      3 
20.387         4 
21.603032      3 
23.422153      2 
24.656214      1 
26.580073      2 
27.743352      3 
30.424638      4 
33.293562      3 
36.016271      2 
37.808474      1 
40.58326       2 
42.65931       3 
44.800516      4 
46.797182      3 
48.649642      2 
50.010546      1 
52.75169       2 
53.942452      3 
55.829957      4 
56.966355      3 
59.960528      2 
62.886485      1 
65.750231      2 
68.342004      3 
70.903781      4 
73.49655       3 
75.336642      2 
77.840505      1 
79.770745      2 
81.701048      3 
83.290878      4 
84.742048      3 
86.054876      2 
88.142484      1 
90.073454      2 
93.004733      3 
95.767375      4 
98.393263      3 
100.88271      2 
102.56465      1 
105.29798      2 
107.42372      3 
109.37054      4 
111.18249      3 
112.85987      2 
114.13743      1 
115.29228      2 
117.07646      3 
118.24847      4 
119.27062      3 
122.24525      2 
124.11971      1 
126.05364      2 
127.93821      3 
130.38688      4 
132.60435      3 
134.69094      2 
137.16897      1 
139.10386      2 
140.30837      3 
142.1487       4 
143.58534      3 
144.89289      2 
146.98248      1 
148.00583      2 
150.82192      3 
153.62338      4 
156.28992      3 
158.82914      2 
160.54017      1 
162.47579      2 
164.2669       3 
166.57165      4 
168.47867      3 
170.26012      2 
171.59467      1 
173.53002      2 
174.90106      3 
177.35052      4 
178.50845      3 
179.54255      2 
181.49871      1 
183.43757      2 
185.35837      3 
187.94216      4 
190.36131      3 
192.65833      2 
195.24578      1 
197.96677      2 
199.28914      3 
201.1004       4 
202.79092      3 
204.36099      2 
205.59135      1 
207.52923      2 
208.73824      3 
211.37815      4 
214.35006      3 
217.20316      2 
219.07295      1 
221.0137       2 
222.90738      3 
225.37959      4 
227.64276      3 
229.78876      2 
232.30329      1 
235.02282      2 
237.27546      3 
238.78998      4 
240.35416      3 
241.80277      2 
242.97389      1 
245.82146      2 
247.85453      3 
250.84355      4 
253.71833      3 
256.47914      2 
259.3024       1 
262.10825      2 
263.37167      3 
265.6792       4 
267.87407      3 
269.95653      2 
272.44171      1 
275.1642       2 
276.46006      3 
278.09548      4 
279.61978      3 
281.03321      2 
283.18491      1 
285.12956      2 
287.07441      3 
290.04694      4 
292.90989      3 
295.6635       2 
298.48547      1 
301.29247      2 
303.80864      3 
306.39354      4 
308.1623       3 
310.26515      2 
312.76279      1 
314.70915      2 
317.43842      3 
319.05402      4 
320.62141      3 
322.08244      2 
324.26019      1 
325.36401      2 
326.49647      3 
327.53545      4 
330.05037      3 
332.88117      2 
334.74546      1 
337.58079      2 
339.63857      3 
342.04946      4 
344.35666      3 
346.5604       2 
349.1106       1 
351.05919      2 
353.78343      3 
355.4874       4 
357.17747      3 
358.7655       2 
360.01429      1 
361.16625      2 
362.26155      3 
363.96008      4 
366.77342      3 
369.7542       2 
372.69424      1 
375.58898      2 
378.27387      3 
380.90276      4 
382.53331      3 
384.91519      2 
387.55642      1 
388.76909      2 
390.39487      3 
392.64555      4 
394.53464      3 
396.32585      2 
397.6792       1 
399.62842      2 
401.07142      3 
403.47569      4 
404.78087      3 
405.98953      2 
407.04752      1 
408.99787      2 
411.91351      3 
414.74491      4 
417.47422      3 
420.10833      2 
421.88196      1 
424.66709      2 
425.96494      3 
428.27379      4 
430.43515      3 
432.5026       2 
433.99619      1 
435.94758      2 
438.67772      3 
440.37174      4 
441.97294      3 
443.48154      2 
445.68994      1 
447.64369      2 
449.59757      3 
450.73786      4 
451.78661      3 
454.74403      2 
456.67848      1 
459.57347      2 
461.58636      3 
464.18054      4 
466.68443      3 
469.09824      2 
471.75999      1 
473.7153       2 
475.67065      3 
477.72622      4 
479.69274      3 
481.57042      2 
482.97168      1 
484.92546      2 
486.4473       3 
487.76341      4 
488.97955      3 
490.81625      2 
492.94726      1 
494.02424      2 
495.10962      3 
496.11015      4 
498.77364      3 
501.60474      2 
503.47779      1 
504.58296      2 
507.17478      3 
508.49455      4 
510.92602      3 
513.23911      2 
515.85297      1 
517.81067      2 
520.54138      3 
522.36829      4 
524.25818      3 
526.06401      2 
528.42519      1 
529.63027      2 
531.03814      3 
533.29367      4 
534.68212      3 
535.98766      2 
538.09932      1 
540.0579       2 
541.08518      3 
544.07193      4 
546.96582      3 
549.77795      2 
552.64297      1 
554.6024       2 
557.42333      3 
559.43047      4 
561.83661      3 
564.16211      2 
565.79048      1 
567.74883      2 
569.52397      3 
570.84868      4 
572.94223      3 
574.78779      2 
577.17106      1 
578.38404      2 
579.82034      3 
581.08995      4 
583.0812       3 
584.45342      2 
585.60448      1 
587.56373      2 
588.70756      3 
589.77994      4 
592.77712      3 
595.6825       2 
597.59827      1 
600.48429      2 
602.51969      3 
605.11741      4 
607.63866      3 
610.08362      2 
