2.1046072      1 
3.1096636      2 
5.8302304      3 
8.479796       4 
10.900533      3 
13.125398      2 
14.646715      1 
16.547471      2 
18.067814      3 
19.320136      4 
21.27609       3 
22.335169      2 
24.269652      1 
26.174251      2 
28.037021      3 
30.433549      4 
32.53339       3 
34.442707      2 
36.802521      1 
38.707634      2 
41.48779       3 
42.635975      4 
45.599238      3 
48.374596      2 
51.168243      1 
53.074897      2 
54.256865      3 
56.342136      4 
58.184443      3 
59.841428      2 
61.083047      1 
62.988197      2 
64.093846      3 
66.780376      4 
69.525169      3 
72.079151      2 
73.770141      1 
75.678251      2 
78.381151      3 
80.208234      4 
81.854638      3 
83.320778      2 
85.464196      1 
87.374277      2 
90.284698      3 
93.03393       4 
95.604966      3 
97.998216      2 
100.606        1 
102.51766      2 
105.22204      3 
108.07487      4 
109.56575      3 
110.90086      2 
111.98344      1 
114.89377      2 
117.80019      3 
120.43796      4 
122.9024       3 
125.19391      2 
126.75974      1 
129.46194      2 
132.29778      3 
133.87018      4 
135.30298      3 
136.56523      2 
137.61279      1 
139.53057      2 
142.29806      3 
144.93759      4 
147.35295      3 
149.60009      2 
151.14621      1 
153.06083      2 
154.64815      3 
156.90306      4 
158.31495      3 
159.56093      2 
160.6025       1 
163.51916      2 
165.43178      3 
168.0447       4 
170.46691      3 
172.7255       2 
174.27959      1 
176.19652      2 
177.79884      3 
180.05173      4 
181.49786      3 
182.78262      2 
184.84466      1 
187.76416      2 
190.66624      3 
192.58334      4 
195.06682      3 
197.39114      2 
199.97379      1 
201.8947       2 
203.81567      3 
205.50705      4 
207.04109      3 
208.41818      2 
209.53168      1 
210.56267      2 
213.51321      3 
216.37789      4 
218.97556      3 
221.41842      2 
224.06242      1 
225.98553      2 
227.90871      3 
229.7359       4 
231.41006      3 
232.93155      2 
234.12092      1 
236.04252      2 
237.11142      3 
239.86429      4 
242.6356       3 
245.24836      2 
246.98423      1 
249.73143      2 
251.0322       3 
253.15268      4 
255.01773      3 
256.73428      2 
258.02458      1 
259.18066      2 
260.95111      3 
262.10431      4 
264.72416      3 
267.55764      2 
269.4038       1 
272.20949      2 
274.25526      3 
276.50538      4 
278.61072      3 
280.57159      2 
282.9801       1 
284.90817      2 
286.83634      3 
288.22271      4 
289.46628      3 
290.56737      2 
293.54679      1 
296.45531      2 
299.1243       3 
301.70215      4 
303.30506      3 
305.5582       2 
307.12104      1 
309.04948      2 
311.76295      3 
313.45727      4 
315.01268      3 
316.42952      2 
318.56907      1 
320.49992      2 
322.43102      3 
325.29671      4 
328.02541      3 
330.61743      2 
333.34499      1 
335.27714      2 
338.00747      3 
339.85146      4 
341.76481      3 
343.54336      2 
345.86563      1 
347.79844      2 
348.9391       3 
350.71256      4 
351.82176      3 
354.79802      2 
357.71964      1 
360.58432      2 
363.18598      3 
365.75891      4 
367.4427       3 
369.62769      2 
371.16132      1 
373.09432      2 
374.71642      3 
376.03097      4 
378.00231      3 
379.40691      2 
381.54497      1 
383.48043      2 
385.41613      3 
388.30644      4 
391.06892      3 
393.70386      2 
396.45741      1 
399.22217      2 
400.52421      3 
402.65192      4 
404.65356      3 
406.52941      2 
408.90477      1 
411.64649      2 
412.86732      3 
414.24292      4 
415.49418      3 
416.62138      2 
418.6231       1 
421.56128      2 
424.44579      3 
426.40615      4 
428.91734      3 
431.30618      2 
433.93937      1 
435.87862      2 
437.81791      3 
439.72016      4 
441.50145      3 
443.16208      2 
445.43247      1 
447.37228      2 
449.31222      3 
450.49294      4 
451.55437      3 
454.49679      2 
456.41034      1 
458.35128      2 
460.2621       3 
462.79351      4 
465.14497      3 
467.37906      2 
469.93746      1 
471.87913      2 
474.59985      3 
476.28243      4 
477.93368      3 
479.46917      2 
481.67947      1 
483.62169      2 
484.70275      3 
486.5155       4 
489.47616      3 
492.32266      2 
495.18869      1 
496.29715      2 
498.07053      3 
500.53956      4 
502.81913      3 
504.9861       2 
506.51995      1 
507.74301      2 
509.75252      3 
512.26169      4 
513.86952      3 
515.36631      2 
517.5596       1 
518.67215      2 
519.82177      3 
520.8756       4 
523.34058      3 
526.17851      2 
528.04435      1 
529.98963      2 
532.79039      3 
535.19061      4 
537.48255      3 
539.66647      2 
542.20449      1 
544.15079      2 
546.87494      3 
548.55063      4 
550.19816      3 
551.73915      2 
552.96181      1 
554.09687      2 
555.90573      3 
557.05646      4 
558.09132      3 
561.07493      2 
563.97574      1 
565.92353      2 
567.04413      3 
569.54102      4 
571.92617      3 
574.20769      2 
575.80288      1 
578.52775      2 
579.85871      3 
581.92538      4 
583.69232      3 
585.35706      2 
587.63871      1 
589.58772      2 
591.53683      3 
592.79509      4 
593.95233      3 
595.00876      2 
596.98714      1 
599.91639      2 
602.80438      3 
605.66158      4 
607.70962      3 
610.16611      2 
