2.1069143      1 
4.0101519      2 
6.9138144      3 
9.5492426      4 
11.992913      3 
14.245268      2 
15.782524      1 
17.685618      2 
19.231539      3 
20.49586       4 
22.434336      3 
23.548017      2 
25.511473      1 
27.418504      2 
30.222742      3 
32.586014      4 
34.762764      3 
36.75342       2 
38.162678      1 
39.351098      2 
41.12993       3 
42.381748      4 
43.470954      3 
46.429003      2 
48.281782      1 
49.393658      2 
51.767115      3 
54.200523      4 
56.172239      3 
57.962942      2 
60.268249      1 
62.178048      2 
63.276799      3 
64.302049      4 
65.932891      3 
68.65055       2 
71.417876      1 
73.329205      2 
76.05052       3 
78.850201      4 
80.594537      3 
82.245347      2 
84.483211      1 
85.598783      2 
86.708555      3 
89.211103      4 
91.99145       3 
94.594321      2 
97.308862      1 
98.488385      2 
101.07904      3 
102.9913       4 
104.7319       3 
106.30124      2 
108.50076      1 
110.41535      2 
112.33019      3 
115.2184       4 
117.93732      3 
120.48732      2 
123.17782      1 
125.90464      2 
128.2188       3 
129.77584      4 
131.48711      3 
133.0318       2 
135.22133      1 
136.30871      2 
137.35283      3 
140.33392      4 
143.0514       3 
145.60458      2 
147.30428      1 
149.22158      2 
150.96439      3 
152.25666      4 
154.21366      3 
155.78897      2 
157.99608      1 
159.91527      2 
160.95559      3 
162.761        4 
165.53489      3 
168.14577      2 
170.8712       1 
172.79184      2 
175.51155      3 
177.30847      4 
179.12579      3 
180.78548      2 
182.04247      1 
183.17758      2 
184.24276      3 
185.82196      4 
188.72305      3 
191.45333      2 
194.23629      1 
197.0039       2 
199.41366      3 
200.98723      4 
202.93692      3 
204.73331      2 
207.05525      1 
208.97885      2 
210.10716      3 
211.16732      4 
212.75847      3 
215.64235      2 
217.51139      1 
220.32997      2 
223.13428      3 
225.95591      4 
227.91133      3 
229.89527      2 
231.31962      1 
233.24334      2 
234.70614      3 
235.9609       4 
238.02497      3 
239.12132      2 
242.09606      1 
244.99812      2 
247.65139      3 
250.22009      4 
251.83564      3 
254.05661      2 
256.59468      1 
258.52256      2 
260.45051      3 
262.09459      4 
263.59527      3 
264.95288      2 
266.06352      1 
267.09859      2 
268.92772      3 
271.75393      4 
274.43625      3 
276.94238      2 
279.62482      1 
280.8195       2 
282.43198      3 
283.67527      4 
285.64031      3 
287.30665      2 
288.57632      1 
290.50478      2 
291.74802      3 
292.85828      4 
295.29524      3 
298.13427      2 
300.98458      1 
303.79713      2 
306.30305      3 
308.86258      4 
310.59801      3 
312.61926      2 
315.06245      1 
316.27252      2 
317.69609      3 
319.87928      4 
321.2284       3 
322.44402      2 
323.48661      1 
325.42142      2 
328.24808      3 
330.96367      4 
333.5164       3 
335.93747      2 
338.58213      1 
340.51674      2 
343.23493      3 
344.9989       4 
346.76618      3 
348.40362      2 
350.65784      1 
352.59307      2 
354.52845      3 
355.64946      4 
358.6421       3 
361.50667      2 
363.37755      1 
366.20741      2 
368.24773      3 
370.60297      4 
372.83161      3 
374.93394      2 
376.42879      1 
379.14454      2 
381.29651      3 
382.89651      4 
384.37165      3 
385.72221      2 
387.83559      1 
388.88178      2 
391.70313      3 
394.55965      4 
397.29164      3 
399.90078      2 
402.64377      1 
405.40573      2 
407.82271      3 
409.4267       4 
411.42577      3 
413.30366      2 
415.68233      1 
417.62197      2 
419.56168      3 
420.95767      4 
422.23388      3 
423.39058      2 
425.40937      1 
427.35112      2 
430.25499      3 
432.93641      4 
435.49969      3 
437.94512      2 
440.60881      1 
442.5503       2 
444.49185      3 
446.46852      4 
448.32869      3 
450.07261      2 
451.39295      1 
454.15472      2 
456.27101      3 
457.55262      4 
458.71933      3 
459.77139      2 
462.74014      1 
465.65287      2 
468.35689      3 
470.97723      4 
473.54582      3 
475.38516      2 
478.01342      1 
480.74341      2 
483.07811      3 
484.67937      4 
486.48762      3 
488.18436      2 
489.4833       1 
491.42567      2 
494.22825      3 
495.48148      4 
496.62448      3 
497.65749      2 
500.61903      1 
502.56429      2 
504.50979      3 
507.10539      4 
509.59228      3 
511.9707       2 
514.6056       1 
515.81804      2 
517.42968      3 
519.66154      4 
521.50133      3 
523.23414      2 
525.54743      1 
528.31539      2 
530.45615      3 
531.72938      4 
532.93097      3 
534.02706      2 
536.02256      1 
538.96564      2 
540.91756      3 
543.59402      4 
546.16619      3 
548.6343       2 
550.32166      1 
552.26866      2 
554.06602      3 
556.38899      4 
558.34038      3 
560.18914      2 
562.56251      1 
564.51136      2 
565.69563      3 
566.80591      4 
568.4633       3 
569.70122      2 
570.77187      1 
571.79034      2 
573.67677      3 
576.54143      4 
579.29789      3 
581.93338      2 
583.70542      1 
585.65493      2 
588.41587      3 
590.65434      4 
592.79413      3 
594.83545      2 
596.31374      1 
597.53856      2 
599.50787      3 
600.9788       4 
602.2676       3 
604.16151      2 
