2.0907633      1 
3.9801486      2 
6.8483597      3 
9.3552097      4 
11.638342      3 
13.698273      2 
15.123676      1 
17.010373      2 
18.359622      3 
19.493374      4 
21.677798      3 
24.412024      2 
26.172215      1 
28.903481      2 
30.176743      3 
32.167325      4 
33.805716      3 
35.226999      2 
36.332406      1 
38.222186      2 
41.005135      3 
43.612024      4 
45.955246      3 
48.084342      2 
50.542139      1 
52.435604      2 
54.329182      3 
55.606703      4 
56.672555      3 
59.527226      2 
62.348924      1 
65.113887      2 
67.482429      3 
69.997813      4 
71.614197      3 
73.211959      2 
75.407235      1 
77.303383      2 
79.201008      3 
81.971705      4 
84.535249      3 
86.893377      2 
89.469855      1 
90.671183      2 
92.131818      3 
94.22849       4 
95.566615      3 
96.702147      2 
98.669515      1 
100.56974      2 
102.43833      3 
104.85655      4 
106.9861       3 
108.91584      2 
110.28769      1 
111.46041      2 
112.54239      3 
114.07805      4 
116.88459      3 
119.62917      2 
121.40516      1 
124.15217      2 
126.2052       3 
128.162        4 
129.92401      3 
131.49166      2 
132.68336      1 
134.58385      2 
137.47995      3 
140.27586      4 
142.87844      3 
145.28934      2 
147.899        1 
149.80375      2 
151.00747      3 
152.09922      4 
153.70479      3 
154.97483      2 
156.0169       1 
158.92217      2 
160.82077      3 
163.37608      4 
165.7074       3 
167.85227      2 
169.33842      1 
170.54123      2 
172.38351      3 
174.95941      4 
176.17846      3 
177.21363      2 
180.13929      1 
182.04782      2 
183.95665      3 
186.26049      4 
188.38256      3 
190.32326      2 
191.70986      1 
192.89321      2 
194.66382      3 
195.89367      4 
198.33472      3 
201.19601      2 
203.04038      1 
204.95138      2 
206.78135      3 
209.10753      4 
211.08066      3 
212.87738      2 
214.19408      1 
216.10387      2 
217.36021      3 
218.44973      4 
221.42705      3 
224.17383      2 
226.96013      1 
228.10978      2 
230.74814      3 
232.80298      4 
234.68583      3 
236.39709      2 
238.6674       1 
241.44692      2 
243.50085      3 
244.52819      4 
247.3874       3 
250.07738      2 
251.84215      1 
254.59471      2 
257.38362      3 
259.24484      4 
261.09449      3 
262.77722      2 
265.03561      1 
266.9524       2 
268.02897      3 
269.03641      4 
270.73265      3 
273.42891      2 
276.19117      1 
277.35307      2 
279.98237      3 
282.01704      4 
283.88898      3 
285.59857      2 
286.87839      1 
288.79519      2 
290.01393      3 
291.07882      4 
293.55254      3 
296.30176      2 
299.09324      1 
300.24179      2 
301.91461      3 
304.19408      4 
306.14231      3 
307.93262      2 
309.25539      1 
311.17448      2 
313.97117      3 
315.13344      4 
316.1396       3 
318.99001      2 
321.83724      1 
324.64         2 
327.11448      3 
328.65337      4 
330.73041      3 
332.65384      2 
334.04565      1 
335.96705      2 
337.37755      3 
338.60152      4 
340.72998      3 
341.73917      2 
344.66802      1 
347.52969      2 
350.10961      3 
351.55241      4 
353.80934      3 
355.91685      2 
357.4028       1 
359.32655      2 
360.86842      3 
362.15475      4 
364.14314      3 
365.36137      2 
366.39817      1 
368.32736      2 
371.11854      3 
373.79538      4 
376.28189      3 
378.62307      2 
380.22722      1 
382.94086      2 
385.07666      3 
386.83984      4 
388.45935      3 
389.93552      2 
392.10239      1 
393.18293      2 
394.22888      3 
396.86511      4 
399.63783      3 
402.26089      2 
404.00637      1 
405.93524      2 
408.66581      3 
410.72665      4 
412.64774      3 
414.42941      2 
415.75711      1 
416.93312      2 
418.72867      3 
419.97549      4 
421.11028      3 
424.09388      2 
427.00099      1 
428.93263      2 
431.73915      3 
434.54309      4 
436.5271       3 
438.66052      2 
441.15958      1 
443.09213      2 
444.29941      3 
446.14733      4 
447.60734      3 
448.93359      2 
450.03292      1 
451.96418      2 
454.86442      3 
457.66585      4 
460.32794      3 
462.85812      2 
464.56241      1 
466.49574      2 
469.22037      3 
471.22592      4 
473.10106      3 
474.84611      2 
477.15398      1 
479.92075      2 
481.08571      3 
482.31333      4 
483.41235      3 
486.38305      2 
488.30592      1 
491.17433      2 
493.17681      3 
495.63721      4 
497.97076      3 
500.17776      2 
501.72459      1 
503.65991      2 
505.30226      3 
507.57342      4 
509.15203      3 
510.60582      2 
511.77489      1 
514.62317      2 
516.64637      3 
519.60379      4 
522.43783      3 
525.14878      2 
526.94655      1 
528.88474      2 
530.73799      3 
533.1193       4 
535.21901      3 
537.19732      2 
538.6327       1 
540.57027      2 
542.08861      3 
543.38354      4 
545.42002      3 
546.67575      2 
547.74605      1 
549.68452      2 
552.57855      3 
555.36881      4 
558.02999      3 
560.57309      2 
563.28546      1 
565.22686      2 
567.96178      3 
569.82661      4 
571.78333      3 
573.62358      2 
575.9858       1 
578.73349      2 
579.95266      3 
581.32972      4 
582.59166      3 
583.73872      2 
585.75501      1 
587.69898      2 
590.6049       3 
593.29514      4 
595.87184      3 
598.33525      2 
