1.0980503      1 
3.9872972      2 
5.8784612      3 
8.4497837      4 
10.778784      3 
12.893693      2 
15.344423      1 
17.237897      2 
19.131488      3 
20.394952      4 
21.446779      3 
24.287457      2 
27.102172      1 
29.863475      2 
32.225656      3 
33.757053      4 
35.549261      3 
37.133222      2 
39.321613      1 
42.149115      2 
44.114571      3 
46.870332      4 
49.420233      3 
51.764751      2 
54.334449      1 
56.232357      2 
58.13035       3 
59.65805       4 
60.98272       3 
62.104829      2 
64.065631      1 
66.930249      2 
68.863439      3 
71.179957      4 
73.296236      3 
75.212738      2 
77.571529      1 
78.738813      2 
79.983338      3 
81.06862       4 
84.036309      3 
86.763774      2 
89.528925      1 
91.431048      2 
93.333319      3 
95.277187      4 
97.026282      3 
98.581054      2 
100.76179      1 
101.83141      2 
104.55935      3 
107.34366      4 
109.93351      3 
112.33171      2 
114.93505      1 
116.83981      2 
118.04308      3 
119.87592      4 
121.32245      3 
122.57997      2 
123.6156       1 
126.52115      2 
129.37672      3 
131.8825       4 
134.20144      3 
136.33396      2 
137.81396      1 
139.71925      2 
141.20077      3 
143.50347      4 
144.71031      3 
145.73329      2 
147.65462      1 
149.56371      2 
151.42817      3 
153.82799      4 
155.93801      3 
157.8667       2 
159.24728      1 
161.15477      2 
163.92247      3 
165.13001      4 
166.15829      3 
169.00773      2 
171.84296      1 
173.7541       2 
176.49785      3 
179.28475      4 
181.113        3 
182.89803      2 
184.20885      1 
186.11865      2 
188.92652      3 
190.01008      4 
192.91929      3 
195.65453      2 
198.43508      1 
200.34868      2 
202.26242      3 
204.30584      4 
206.1773       3 
207.87719      2 
209.14746      1 
211.9256       2 
213.01584      3 
214.02392      4 
216.93675      3 
219.61552      2 
222.3702       1 
225.11976      2 
227.48545      3 
229.05378      4 
230.89234      3 
232.56401      2 
233.82238      1 
236.60785      2 
239.56781      3 
240.57578      4 
243.4188       3 
246.09723      2 
247.85859      1 
249.77609      2 
251.56618      3 
253.84923      4 
255.71039      3 
257.40922      2 
258.68362      1 
259.8265       2 
260.89663      3 
261.91529      4 
264.87437      3 
267.67855      2 
269.46886      1 
271.38876      2 
273.20297      3 
275.51393      4 
277.45168      3 
279.23153      2 
281.54293      1 
283.46424      2 
284.58314      3 
286.33418      4 
289.33         3 
292.17009      2 
295.01218      1 
296.93481      2 
298.85763      3 
301.0784       4 
303.14524      3 
305.05849      2 
306.44522      1 
308.36661      2 
309.76981      3 
312.16606      4 
313.31669      3 
316.31584      2 
319.23967      1 
322.09745      2 
323.26636      3 
325.6631       4 
327.91011      3 
330.00772      2 
332.48205      1 
333.69303      2 
335.12867      3 
337.28992      4 
338.64572      3 
339.85419      2 
340.88597      1 
343.81217      2 
346.70128      3 
349.32379      4 
351.80065      3 
354.13219      2 
355.73158      1 
357.65778      2 
359.33093      3 
360.64129      4 
362.59246      3 
364.05913      2 
365.22536      1 
366.3063       2 
368.08609      3 
370.97374      4 
373.73923      3 
376.35292      2 
378.09379      1 
380.84643      2 
382.14833      3 
384.29691      4 
386.20874      3 
387.98117      2 
390.29809      1 
392.2286       2 
394.15924      3 
395.37727      4 
396.45749      3 
399.40022      2 
401.30488      1 
404.15497      2 
406.97771      3 
408.97058      4 
411.23062      3 
413.35506      2 
415.84964      1 
417.7822       2 
419.71482      3 
421.29998      4 
422.75111      3 
424.0685       2 
426.1607       1 
428.09396      2 
431.02752      3 
433.81305      4 
436.46639      3 
438.98782      2 
440.68781      1 
443.42843      2 
444.74401      3 
446.86319      4 
448.72969      3 
450.46612      2 
451.77572      1 
452.94734      2 
454.74727      3 
457.49691      4 
458.58741      3 
461.54961      2 
464.46651      1 
466.40272      2 
468.33915      3 
470.79112      4 
473.11627      3 
475.31488      2 
476.85756      1 
478.79287      2 
480.43078      3 
482.70288      4 
484.2732       3 
485.71873      2 
487.87952      1 
489.81724      2 
491.75516      3 
494.70439      4 
497.53026      3 
500.23305      2 
503.02275      1 
505.80645      2 
508.26817      3 
509.85352      4 
511.94517      3 
513.91543      2 
515.34679      1 
517.28437      2 
518.79756      3 
520.09069      4 
522.13139      3 
523.3792       2 
525.44354      1 
527.3838       2 
530.32435      3 
533.09603      4 
535.74938      3 
538.28465      2 
539.99828      1 
542.7486       2 
544.87599      3 
546.94169      4 
548.89067      3 
550.72321      2 
553.08159      1 
555.02355      2 
556.19368      3 
557.29322      4 
558.92284      3 
560.0623       2 
561.07517      1 
564.01817      2 
566.92091      3 
569.60361      4 
572.17279      3 
574.62869      2 
576.30548      1 
577.50563      2 
579.71064      3 
581.18454      4 
583.32374      3 
585.10548      2 
587.44085      1 
589.38516      2 
590.54715      3 
591.64327      4 
593.28005      3 
594.3969       2 
596.40038      1 
598.34639      2 
601.24567      3 
603.92435      4 
606.49412      3 
608.95522      2 
