2.0999929      1 
4.9963229      2 
6.8931262      3 
9.4734494      4 
11.848318      3 
14.018205      2 
16.500921      1 
18.398956      2 
21.124362      3 
22.46021       4 
23.612253      3 
26.562132      2 
28.438609      1 
29.534276      2 
31.915894      3 
34.33775       4 
36.283775      3 
38.030414      2 
39.310286      1 
40.442298      2 
42.148998      3 
44.993266      4 
47.75437       3 
50.314307      2 
52.995939      1 
55.710842      2 
57.984942      3 
59.501985      4 
61.085473      3 
62.47502       2 
64.573267      1 
65.574649      2 
68.301297      3 
70.952694      4 
73.379213      3 
75.614455      2 
78.136624      1 
80.041511      2 
81.946481      3 
83.421015      4 
84.706465      3 
85.803268      2 
87.758469      1 
89.665455      2 
91.539864      3 
93.972475      4 
96.13254       3 
98.106551      2 
99.50749       1 
100.69364      2 
102.46687      3 
103.70664      4 
106.1216       3 
108.98825      2 
111.82976      1 
113.73857      2 
116.4822       3 
118.3383       4 
120.29379      3 
122.0683       2 
124.36553      1 
126.27535      2 
128.18534      3 
129.24011      4 
132.11598      3 
134.81337      2 
136.57723      1 
139.32587      2 
141.39556      3 
143.3831       4 
145.19419      3 
146.82925      2 
148.06446      1 
149.97429      2 
151.08593      3 
153.77974      4 
156.54661      3 
159.13395      2 
161.84075      1 
163.75452      2 
164.95735      3 
166.95162      4 
168.67687      3 
170.23088      2 
171.42739      1 
173.3396       2 
174.38468      3 
177.13029      4 
178.21631      3 
180.75459      2 
183.43755      1 
185.35368      2 
186.56033      3 
188.53402      4 
190.23036      3 
191.76014      2 
192.94669      1 
194.03267      2 
195.78322      3 
198.65036      4 
201.36942      3 
203.90791      2 
206.59496      1 
209.32239      2 
210.62919      3 
212.51439      4 
214.23721      3 
215.79803      2 
217.99791      1 
219.09436      2 
220.16513      3 
222.73743      4 
223.79075      3 
226.38879      2 
229.10711      1 
231.02776      2 
232.22988      3 
234.27355      4 
236.07674      3 
237.72234      2 
239.96681      1 
241.09341      2 
242.24458      3 
243.26194      4 
246.22501      3 
248.9327       2 
251.70872      1 
254.47303      2 
256.87636      3 
259.43294      4 
261.13479      3 
262.91746      2 
265.23257      1 
267.15618      2 
269.07992      3 
270.25299      4 
271.27452      3 
274.14488      2 
277.00438      1 
279.81679      2 
282.31182      3 
284.85851      4 
287.50567      3 
289.30118      2 
291.71223      1 
293.638        2 
294.81265      3 
296.58657      4 
297.81681      3 
298.90001      2 
301.86816      1 
304.76447      2 
307.40786      3 
309.97432      4 
311.60056      3 
313.80855      2 
316.34015      1 
319.05206      2 
321.2858       3 
322.76639      4 
324.25425      3 
325.59907      2 
327.70035      1 
328.72773      2 
331.52468      3 
334.30899      4 
336.94357      3 
339.43708      2 
342.11322      1 
344.84544      2 
347.18276      3 
348.76758      4 
350.56061      3 
352.21451      2 
354.47234      1 
356.40295      2 
357.50034      3 
359.27917      4 
362.24222      3 
365.06806      2 
367.91224      1 
369.84409      2 
371.7761       3 
374.05622      4 
376.20069      3 
378.20984      2 
379.65369      1 
381.58434      2 
383.09334      3 
384.37646      4 
386.4065       3 
387.61019      2 
388.64663      1 
391.57944      2 
394.48499      3 
397.15786      4 
399.69879      3 
402.10808      2 
403.75275      1 
405.68593      2 
407.41782      3 
409.68815      4 
411.4438       3 
413.06962      2 
415.31805      1 
417.25329      2 
418.35113      3 
420.13978      4 
423.12093      3 
425.97405      2 
428.83647      1 
431.66077      2 
434.195        3 
436.76404      4 
439.40672      3 
441.26172      2 
443.74427      1 
444.96215      2 
446.43315      3 
447.68585      4 
448.8383       3 
450.52929      2 
452.6371       1 
454.57494      2 
456.51385      3 
459.35915      4 
462.08013      3 
464.67827      2 
466.42058      1 
469.18066      2 
471.98742      3 
473.92553      4 
475.91373      3 
477.78078      2 
480.15405      1 
482.89729      2 
485.06084      3 
486.39215      4 
487.65764      3 
488.80365      2 
489.81752      1 
492.7582       2 
494.69412      3 
497.38298      4 
499.9357       3 
502.37058      2 
504.03472      1 
505.97481      2 
508.69777      3 
510.664        4 
512.51374      3 
514.24727      2 
516.5563       1 
518.49835      2 
520.4405       3 
521.71181      4 
522.86824      3 
523.91005      2 
526.87367      1 
528.81662      2 
530.75981      3 
533.34576      4 
535.8184       3 
538.178        2 
539.80724      1 
541.01944      2 
542.1015       3 
544.19534      4 
546.58405      3 
548.27081      2 
549.56472      1 
551.50711      2 
552.8387       3 
554.0434       4 
556.32224      3 
557.34542      2 
560.30203      1 
562.24732      2 
564.19282      3 
566.77868      4 
569.25585      3 
571.62456      2 
574.25463      1 
576.20079      2 
578.92534      3 
580.72177      4 
582.55197      3 
584.27521      2 
586.58373      1 
589.35376      2 
590.53982      3 
591.83769      4 
593.02982      3 
594.11647      2 
596.10735      1 
599.04604      2 
601.00228      3 
603.6694       4 
606.23223      3 
608.69103      2 
