1.0956873      1 
2.9851322      2 
5.7425121      3 
8.3288556      4 
10.634922      3 
12.722342      2 
15.157078      1 
17.048271      2 
19.793137      3 
21.003284      4 
22.005004      3 
24.791082      2 
26.580381      1 
29.32641       2 
32.09659       3 
34.932475      4 
36.597206      3 
38.099828      2 
39.24909       1 
42.105707      2 
44.034316      3 
46.702358      4 
49.14892       3 
51.385727      2 
53.899474      1 
55.099141      2 
57.603474      3 
59.006085      4 
60.201346      3 
63.189736      2 
66.080498      1 
67.977632      2 
70.728757      3 
72.580259      4 
74.541419      3 
76.298551      2 
78.575611      1 
80.473933      2 
82.372482      3 
85.318191      4 
88.062212      3 
90.605009      2 
92.281372      1 
93.46754       2 
95.519014      3 
96.943708      4 
98.151692      3 
99.871929      2 
100.94782      1 
103.94591      2 
105.75782      3 
108.33904      4 
110.69874      3 
112.8627       2 
115.34707      1 
117.24971      2 
118.42766      3 
120.16438      4 
121.35645      3 
124.35547      2 
127.25846      1 
130.0817       2 
132.56142      3 
135.06799      4 
137.68771      3 
139.39658      2 
140.73312      1 
142.63595      2 
143.90072      3 
144.98634      4 
147.95824      3 
150.67518      2 
153.43968      1 
155.34641      2 
156.5365       3 
157.60381      4 
159.43174      3 
161.0311       2 
163.2387       1 
164.33113      2 
165.37372      3 
167.93043      4 
170.62635      3 
173.1235       2 
175.78075      1 
176.97518      2 
178.52572      3 
179.75956      4 
180.87485      3 
182.48261      2 
183.60118      1 
185.5088       2 
188.36152      3 
191.07377      4 
193.5894       3 
195.92738      2 
197.51394      1 
198.71988      2 
200.68849      3 
202.11118      4 
204.19717      3 
205.47777      2 
206.53238      1 
209.44391      2 
211.35306      3 
213.96277      4 
216.37332      3 
218.61106      2 
221.14368      1 
223.05776      2 
224.97192      3 
226.5224       4 
227.90206      3 
229.11128      2 
231.13094      1 
233.04815      2 
235.90775      3 
238.43916      4 
240.8021       3 
242.99694      2 
244.51711      1 
246.43169      2 
249.14756      3 
250.67391      4 
252.0341       3 
253.2285       2 
254.24351      1 
256.16587      2 
258.8871       3 
261.50155      4 
263.87277      3 
266.08049      2 
267.60935      1 
270.31383      2 
272.44023      3 
273.9977       4 
275.39355      3 
276.62814      2 
278.6651       1 
280.58687      2 
283.46849      3 
286.06177      4 
288.49565      3 
290.7705       2 
293.32849      1 
294.54066      2 
297.07853      3 
298.72088      4 
300.20601      3 
301.5343       2 
303.6204       1 
305.54214      2 
307.46515      3 
310.17984      4 
312.72927      3 
315.12401      2 
317.74403      1 
319.66718      2 
321.5904       3 
323.3699       4 
324.99649      3 
326.4705       2 
327.63576      1 
329.55741      2 
330.57723      3 
333.36355      4 
336.09514      3 
338.66109      2 
340.37391      1 
342.29811      2 
344.06635      3 
346.3409       4 
348.15967      3 
349.83004      2 
351.09707      1 
353.02088      2 
354.24281      3 
355.32404      4 
357.79855      3 
360.589        2 
363.40924      1 
366.20003      2 
368.65962      3 
370.21957      4 
372.27989      3 
374.19585      2 
375.58855      1 
376.78509      2 
378.61151      3 
379.93649      4 
381.14044      3 
383.22268      2 
386.17994      1 
389.06918      2 
390.19441      3 
392.68501      4 
395.03487      3 
397.24433      2 
399.77896      1 
400.9958       2 
402.49508      3 
403.74562      4 
405.62883      3 
407.00258      2 
409.12062      1 
411.05151      2 
413.98269      3 
416.80569      4 
419.4918       3 
422.04133      2 
423.75288      1 
425.68394      2 
428.40816      3 
430.41451      4 
432.28585      3 
434.02249      2 
435.32989      1 
438.09451      2 
441.03453      3 
442.23426      4 
443.30203      3 
446.23695      2 
449.13792      1 
451.07189      2 
453.00606      3 
455.41264      4 
457.68789      3 
459.83211      2 
462.33885      1 
464.2737       2 
466.20859      3 
467.83174      4 
469.32536      3 
470.68975      2 
471.81093      1 
472.86183      2 
475.84996      3 
478.76322      4 
481.48596      3 
484.08124      2 
486.81503      1 
488.75177      2 
491.48799      3 
493.35506      4 
495.3175       3 
497.15425      2 
499.51012      1 
502.25834      2 
503.46502      3 
504.80188      4 
506.01448      3 
507.10311      2 
509.08594      1 
512.00799      2 
513.96233      3 
516.55794      4 
519.031        3 
521.3818       2 
523.00213      1 
524.93984      2 
527.65683      3 
529.52139      4 
531.26508      3 
532.88819      2 
535.13988      1 
536.28455      2 
537.50637      3 
538.62326      4 
540.89714      3 
543.80256      2 
546.69571      1 
549.54534      2 
552.13251      3 
554.71673      4 
556.4306       3 
558.6282       2 
561.16842      1 
563.11012      2 
565.83226      3 
567.48879      4 
569.10397      3 
570.60347      2 
572.79581      1 
574.73807      2 
575.80531      3 
577.62717      4 
580.55226      3 
583.36326      2 
586.21157      1 
589.0327       2 
590.27571      3 
592.63298      4 
594.87746      3 
597.00942      2 
598.52589      1 
599.74901      2 
601.73832      3 
604.25887      4 
605.8321       3 
607.29436      2 
