2.0746083      1 
4.9456287      2 
7.7712729      3 
10.524345      4 
12.352626      3 
14.220133      2 
15.532948      1 
16.661988      2 
18.305317      3 
21.10084       4 
23.725504      3 
26.074778      2 
28.62384       1 
31.306748      2 
33.439643      3 
34.724754      4 
35.824787      3 
38.676697      2 
41.47858       1 
44.218582      2 
46.51946       3 
48.020033      4 
49.639872      3 
51.014997      2 
52.082574      1 
53.965675      2 
56.633515      3 
59.149494      4 
61.309483      3 
63.228121      2 
65.567264      1 
67.447066      2 
68.524831      3 
70.213927      4 
72.936117      3 
75.418287      2 
77.046476      1 
78.92685       2 
80.51442       3 
82.711783      4 
84.011991      3 
85.077437      2 
86.994689      1 
89.810057      2 
92.576531      3 
94.425892      4 
96.325621      3 
97.993816      2 
100.21271      1 
102.09729      2 
103.98345      3 
106.73214      4 
109.25064      3 
111.54078      2 
114.0719       1 
115.95835      2 
117.84491      3 
119.22689      4 
120.38315      3 
123.31419      2 
126.16709      1 
128.94368      2 
131.32181      3 
133.81911      4 
135.42666      3 
137.01728      2 
138.20657      1 
139.27078      2 
142.22779      3 
143.90466      4 
146.42118      3 
148.68979      2 
150.22136      1 
152.11062      2 
153.61116      3 
154.84199      4 
156.79397      3 
159.75875      2 
161.63574      1 
164.43145      2 
166.41855      3 
168.52408      4 
170.41603      3 
172.09489      2 
174.32832      1 
176.2221       2 
178.11617      3 
180.9476       4 
183.56838      3 
185.97901      2 
188.57935      1 
190.4749       2 
192.37054      3 
193.94538      4 
195.31247      3 
196.47229      2 
199.44874      1 
202.3226       2 
203.43793      3 
205.77345      4 
207.90408      3 
209.83028      2 
212.19161      1 
214.08981      2 
215.98817      3 
217.1014       4 
220.01256      3 
222.72211      2 
225.47603      1 
227.37587      2 
230.0837       3 
231.82733      4 
233.53578      3 
235.0454       2 
236.20527      1 
237.25655      2 
240.20847      3 
243.04496      4 
245.56724      3 
247.89341      2 
249.46497      1 
251.36585      2 
252.94512      3 
254.21706      4 
256.12664      3 
257.28563      2 
260.26859      1 
263.15494      2 
264.25828      3 
266.64808      4 
268.84668      3 
270.85454      2 
273.26345      1 
274.44991      2 
275.76622      3 
277.96815      4 
279.02882      3 
281.90136      2 
283.74672      1 
286.53437      2 
288.55674      3 
290.68109      4 
292.61946      3 
294.3723       2 
295.66227      1 
298.42788      2 
300.47168      3 
301.4866       4 
304.31811      3 
306.96662      2 
309.69931      1 
312.43508      2 
314.76455      3 
316.31795      4 
318.0578       3 
319.61717      2 
320.81171      1 
321.89754      2 
323.63183      3 
326.48567      4 
329.17101      3 
331.65621      2 
333.31555      1 
335.22585      2 
336.91775      3 
339.14651      4 
340.74786      3 
342.17365      2 
344.29923      1 
346.21165      2 
348.12652      3 
350.86056      4 
353.41465      3 
355.7956       2 
358.39955      1 
361.10731      2 
363.35606      3 
364.85441      4 
366.37563      3 
367.72609      2 
369.81635      1 
371.73116      2 
374.64636      3 
377.31771      4 
379.82027      3 
382.15441      2 
384.73734      1 
386.65365      2 
388.57002      3 
390.23439      4 
391.73227      3 
393.06406      2 
395.14729      1 
396.14764      2 
398.91248      3 
401.60861      4 
404.11564      3 
406.45885      2 
409.0486       1 
411.75764      2 
414.00759      3 
416.64653      4 
418.1266       3 
419.49483      2 
420.60144      1 
421.62396      2 
424.56313      3 
426.37158      4 
428.9643       3 
431.37094      2 
433.0006       1 
435.71396      2 
437.83634      3 
439.60927      4 
441.22469      3 
442.68296      2 
443.83785      1 
445.75718      2 
448.67274      3 
451.50686      4 
454.18478      3 
456.70771      2 
459.39161      1 
461.31464      2 
464.02909      3 
465.78994      4 
467.54325      3 
469.1437       2 
471.36797      1 
472.48405      2 
475.1682       3 
478.16072      4 
481.00213      3 
483.69277      2 
486.4626       1 
488.38774      2 
490.313        3 
492.40407      4 
494.34611      3 
496.13946      2 
497.46839      1 
499.39213      2 
502.18359      3 
503.38561      4 
504.44064      3 
507.34902      2 
509.23233      1 
512.06275      2 
514.87318      3 
516.85106      4 
519.03128      3 
521.06686      2 
523.51259      1 
526.23298      2 
528.41603      3 
529.79604      4 
531.11347      3 
532.28825      2 
533.30505      1 
535.23793      2 
538.00351      3 
539.23255      4 
541.7139       3 
544.03971      2 
545.63854      1 
547.56704      2 
550.27852      3 
552.04484      4 
553.67209      3 
555.1606       2 
556.34027      1 
557.43319      2 
558.46538      3 
561.43208      4 
564.30465      3 
566.96736      2 
569.73016      1 
572.49552      2 
574.91192      3 
576.50217      4 
578.4854       3 
580.33367      2 
581.6971       1 
583.62777      2 
585.02664      3 
587.44161      4 
588.61973      3 
589.66474      2 
591.62172      1 
593.55603      2 
595.47074      3 
598.03338      4 
600.41746      3 
602.67026      2 
605.23109      1 
607.16585      2 
609.10066      3 
610.83138      4 
612.43234      3 
613.90382      2 
