2.0838403      1 
4.9640601      2 
6.8448538      3 
9.2965988      4 
11.510929      3 
13.488393      2 
15.859148      1 
17.019181      2 
18.225357      3 
20.501451      4 
23.302739      3 
25.870415      2 
28.53749       1 
30.421412      2 
31.616842      3 
32.698057      4 
34.24295       3 
35.420215      2 
37.39444       1 
39.281041      2 
42.061205      3 
44.322164      4 
46.355364      3 
48.16133       2 
49.457126      1 
51.341278      2 
52.467895      3 
55.088439      4 
57.777813      3 
60.231327      2 
62.846122      1 
65.539687      2 
67.738745      3 
70.372555      4 
71.68918       3 
72.808831      2 
75.758262      1 
77.648253      2 
79.538637      3 
81.779247      4 
83.801361      3 
85.605482      2 
87.89906       1 
89.030819      2 
90.158114      3 
93.140751      4 
95.862421      3 
98.369094      2 
101.01498      1 
102.90815      2 
105.60197      3 
107.17772      4 
108.61682      3 
109.84388      2 
111.85166      1 
114.74599      2 
116.64081      3 
119.02458      4 
121.19874      3 
123.16377      2 
125.54213      1 
126.71357      2 
127.96899      3 
130.21745      4 
133.14405      3 
135.8644       2 
138.62139      1 
141.35793      2 
143.67712      3 
146.22199      4 
148.98115      3 
150.44516      2 
152.59035      1 
154.48889      2 
157.38782      3 
160.0716       4 
162.5543       3 
164.83637      2 
166.38379      1 
168.2823       2 
169.82761      3 
172.07635      4 
173.36223      3 
174.45024      2 
177.3954       1 
180.24804      2 
182.77116      3 
185.27005      4 
186.9224       3 
188.83277      2 
191.1908       1 
193.09361      2 
194.21524      3 
195.92558      4 
198.86694      3 
201.61584      2 
204.39399      1 
207.14491      2 
209.5          3 
211.0487       4 
212.84192      3 
214.44532      2 
216.65263      1 
218.55797      2 
220.4636       3 
223.3121       4 
225.97295      3 
228.4466       2 
231.08983      1 
232.99682      2 
234.9039       3 
236.63302      4 
238.17707      3 
239.53649      2 
240.62679      1 
243.53226      2 
245.44062      3 
248.08372      4 
250.52632      3 
252.78683      2 
254.33271      1 
257.03197      2 
259.14519      3 
260.6815       4 
262.03779      3 
263.21449      2 
265.21327      1 
268.12266      2 
270.95805      3 
272.87679      4 
275.1617       3 
277.26949      2 
279.73508      1 
280.93752      2 
283.46284      3 
284.86619      4 
286.09445      3 
287.14802      2 
290.0875       1 
292.00058      2 
294.79987      3 
296.71581      4 
298.90194      3 
300.91578      2 
303.33687      1 
304.53186      2 
305.88586      3 
307.06772      4 
309.00697      3 
311.99536      2 
314.90459      1 
316.82009      2 
318.73585      3 
321.04847      4 
323.19311      3 
325.17016      2 
327.57522      1 
329.49179      2 
331.40846      3 
332.71902      4 
333.86391      3 
336.84352      2 
338.75266      1 
341.59359      2 
343.58653      3 
345.90881      4 
348.06769      3 
350.06356      2 
352.4803       1 
354.39916      2 
355.56872      3 
356.65607      4 
358.21201      3 
359.23767      2 
361.17162      1 
363.09215      2 
365.898        3 
368.28427      4 
370.51161      3 
372.58038      2 
375.03574      1 
377.75131      2 
378.99808      3 
380.43626      4 
381.71769      3 
382.84274      2 
384.82757      1 
386.75064      2 
388.65729      3 
391.20648      4 
393.55501      3 
395.7493       2 
397.27608      1 
399.19757      2 
401.91375      3 
403.49466      4 
404.92311      3 
406.19944      2 
407.26372      1 
409.18767      2 
412.01821      3 
414.71937      4 
417.24038      3 
419.61136      2 
422.22185      1 
424.14732      2 
426.07286      3 
427.8472       4 
429.47324      3 
430.95133      2 
432.121        1 
434.04499      2 
435.08371      3 
438.07641      4 
440.81979      3 
443.41724      2 
445.14785      1 
446.3247       2 
448.55726      3 
450.997        4 
452.86984      3 
454.59877      2 
456.8917       1 
458.04934      2 
459.29141      3 
460.40947      4 
462.60456      3 
465.4769       2 
467.3448       1 
469.27414      2 
472.05429      3 
474.36211      4 
476.52963      3 
478.55715      2 
481.00116      1 
482.93149      2 
484.86189      3 
486.33266      4 
487.66505      3 
488.85937      2 
489.88861      1 
491.82266      2 
494.61774      3 
497.30583      4 
499.81456      3 
502.18713      2 
503.81137      1 
505.74221      2 
507.45026      3 
508.763        4 
510.73585      3 
512.29796      2 
513.51729      1 
516.33028      2 
517.40916      3 
519.31352      4 
522.20876      3 
524.97156      2 
527.78659      1 
529.72082      2 
531.65519      3 
533.89121      4 
535.99631      3 
537.97077      2 
539.39961      1 
541.33257      2 
542.82892      3 
544.11         4 
545.28911      3 
547.1006       2 
548.13596      1 
550.07361      2 
552.89619      3 
555.61301      4 
558.17023      3 
560.60038      2 
562.25762      1 
564.19312      2 
565.94114      3 
567.25061      4 
569.25981      3 
570.9337       2 
572.21415      1 
574.14958      2 
575.43552      3 
577.97773      4 
579.02933      3 
581.95734      2 
583.86157      1 
586.7176       2 
589.54922      3 
591.56058      4 
593.87486      3 
596.06724      2 
597.60912      1 
599.54672      2 
601.18972      3 
603.46437      4 
605.05146      3 
606.51833      2 
