1.072029       1 
3.9373342      2 
5.7924578      3 
8.2023225      4 
10.279049      3 
12.091578      2 
13.37207       1 
14.480323      2 
16.110007      3 
18.893871      4 
21.443875      3 
23.683949      2 
26.174017      1 
28.044411      2 
29.914934      3 
31.118729      4 
34.064946      3 
36.754178      2 
39.470327      1 
42.173871      2 
44.399682      3 
45.85154       4 
47.264698      3 
48.424402      2 
51.377694      1 
53.251537      2 
56.003448      3 
57.821717      4 
59.722888      3 
61.374088      2 
62.580057      1 
63.644938      2 
65.343774      3 
68.061928      4 
70.563986      3 
72.727416      2 
74.192912      1 
76.883965      2 
78.941032      3 
80.123993      4 
83.063248      3 
85.759357      2 
87.490782      1 
89.369288      2 
91.052204      3 
93.230674      4 
94.719433      3 
95.968388      2 
97.973255      1 
99.855907      2 
101.71038      3 
104.09655      4 
106.15475      3 
107.97644      2 
110.26957      1 
112.15174      2 
114.03416      3 
116.91526      4 
119.56256      3 
121.9766       2 
123.57339      1 
124.76715      2 
126.65659      3 
128.01283      4 
130.10914      3 
131.13488      2 
134.03277      1 
135.91836      2 
137.80427      3 
139.9151       4 
141.79852      3 
143.45505      2 
144.67541      1 
147.47758      2 
150.44455      3 
153.19873      4 
155.72864      3 
158.03477      2 
159.58266      1 
162.27056      2 
163.51514      3 
165.34283      4 
166.53782      3 
169.51211      2 
171.3915       1 
174.18677      2 
176.16974      3 
178.26633      4 
180.14475      3 
181.80552      2 
183.0327       1 
185.83131      2 
187.81091      3 
190.60603      4 
193.18598      3 
195.55127      2 
197.13306      1 
199.02476      2 
200.59115      3 
201.84978      4 
203.74561      3 
204.83322      2 
207.77125      1 
210.61175      2 
213.10306      3 
214.55781      4 
216.59412      3 
218.42162      2 
220.73145      1 
222.62742      2 
223.70893      3 
226.70704      4 
229.49769      3 
232.0824       2 
233.77716      1 
236.49044      2 
237.77775      3 
238.89484      4 
240.5918       3 
241.9508       2 
243.03142      1 
244.93101      2 
247.69623      3 
250.30458      4 
252.65504      3 
254.80518      2 
256.28705      1 
258.18542      2 
259.64908      3 
260.87262      4 
261.97213      3 
264.94756      2 
267.8277       1 
269.72948      2 
271.63152      3 
273.8037       4 
275.78058      3 
277.56261      2 
279.85668      1 
280.99688      2 
282.1617       3 
283.16775      4 
285.47649      3 
288.11508      2 
289.8352       1 
292.56143      2 
293.85188      3 
295.86023      4 
297.52833      3 
299.0069       2 
300.15567      1 
302.05854      2 
304.92504      3 
307.66111      4 
310.19857      3 
312.5491       2 
315.131        1 
317.03809      2 
318.94527      3 
320.5524       4 
321.97475      3 
323.21275      2 
325.23986      1 
327.15058      2 
329.04781      3 
331.59346      4 
333.91604      3 
336.05679      2 
338.5365       1 
340.44605      2 
341.62893      3 
343.38509      4 
344.62301      3 
345.6816       2 
348.62128      1 
351.4784       2 
354.02561      3 
356.54445      4 
358.20864      3 
360.19994      2 
361.61413      1 
363.52397      2 
366.27498      3 
367.56292      4 
368.67603      3 
371.61471      2 
374.4968       1 
377.31391      2 
379.79875      3 
382.32355      4 
384.01598      3 
385.91651      2 
387.28762      1 
388.46892      2 
390.24319      3 
391.47299      4 
393.9294       3 
396.80605      2 
398.66248      1 
399.77309      2 
402.17892      3 
404.63107      4 
406.66525      3 
408.53209      2 
409.88862      1 
412.62724      2 
413.79466      3 
415.6592       4 
416.69515      3 
419.56606      2 
421.42194      1 
423.33983      2 
425.18831      3 
427.55123      4 
429.60267      3 
431.49134      2 
433.85467      1 
435.7736       2 
438.54815      3 
439.78265      4 
440.86311      3 
443.78304      2 
445.66521      1 
448.48874      2 
450.50332      3 
452.78483      4 
454.90766      3 
456.87216      2 
459.27558      1 
461.19675      2 
462.36328      3 
463.44991      4 
465.01286      3 
466.03507      2 
467.96959      1 
469.89241      2 
471.78331      3 
474.2599       4 
476.50677      3 
478.59963      2 
481.06929      1 
482.27846      2 
484.81448      3 
486.29489      4 
487.62307      3 
488.79937      2 
489.81218      1 
492.737        2 
495.60702      3 
498.17928      4 
500.6014       3 
502.87373      2 
504.4415       1 
507.15032      2 
508.4494       3 
509.59414      4 
511.32836      3 
512.70914      2 
513.82925      1 
516.71433      2 
518.67926      3 
521.47558      4 
524.12277      3 
526.62426      2 
529.30208      1 
531.22972      2 
532.44014      3 
534.46139      4 
536.23937      3 
537.87365      2 
540.1194       1 
542.04773      2 
544.89151      3 
545.95372      4 
548.87444      3 
551.65343      2 
553.47554      1 
555.40469      2 
557.25514      3 
559.62674      4 
561.70198      3 
563.63744      2 
566.03559      1 
567.96598      2 
569.89646      3 
571.27602      4 
572.5174       3 
573.62092      2 
575.60425      1 
578.51997      2 
580.46684      3 
583.0221       4 
585.44108      3 
587.7241       2 
589.30403      1 
591.23479      2 
592.89984      3 
595.16047      4 
596.76835      3 
598.24214      2 
