1.0672909      1 
2.936247       2 
5.5463316      3 
8.0088255      4 
10.039684      3 
11.797235      2 
13.045328      1 
14.905992      2 
17.743771      3 
20.423176      4 
22.823601      3 
24.954474      2 
27.385548      1 
29.251412      2 
30.366432      3 
31.384235      4 
34.235826      3 
36.76238       2 
39.392853      1 
41.260728      2 
43.12872       3 
44.597996      4 
45.804474      3 
48.748758      2 
51.589824      1 
54.344033      2 
56.659063      3 
59.147571      4 
60.661834      3 
62.045597      2 
63.110497      1 
64.987772      2 
67.626591      3 
70.116997      4 
72.216722      3 
74.061413      2 
75.362751      1 
76.485893      2 
78.127671      3 
80.92288       4 
83.530391      3 
85.857162      2 
87.40155       1 
90.081999      2 
92.144989      3 
93.471423      4 
94.549211      3 
97.378927      2 
99.173782      1 
101.90968      2 
104.66771      3 
106.3891       4 
107.987        3 
109.34023      2 
111.39495      1 
114.27295      2 
117.09545      3 
118.95448      4 
121.09283      3 
122.98988      2 
124.3245       1 
126.20173      2 
127.37242      3 
130.36044      4 
133.05931      3 
135.52019      2 
137.13785      1 
139.01819      2 
140.59433      3 
141.84416      4 
142.95774      3 
144.55213      2 
147.45706      1 
149.34031      2 
151.22391      3 
153.3349       4 
155.21387      3 
156.86136      2 
159.06992      1 
160.95452      2 
162.84158      3 
165.57114      4 
168.06917      3 
170.33889      2 
172.85983      1 
174.7463       2 
176.63287      3 
177.99462      4 
179.13068      3 
182.04158      2 
184.88442      1 
186.77251      2 
187.93914      3 
190.00498      4 
191.79779      3 
193.36854      2 
195.54342      1 
196.59711      2 
199.28907      3 
201.98904      4 
204.45708      3 
206.7061       2 
209.22132      1 
210.41886      2 
212.91814      3 
214.29611      4 
215.45757      3 
218.40303      2 
221.26773      1 
224.0554       2 
226.45863      3 
227.97162      4 
229.84446      3 
231.50427      2 
232.73331      1 
233.82949      2 
235.52185      3 
238.34873      4 
240.98163      3 
243.37346      2 
245.96443      1 
247.86         2 
249.75566      3 
251.31187      4 
252.66038      3 
253.80166      2 
256.76884      1 
259.63489      2 
262.17069      3 
264.65913      4 
266.29455      3 
268.20248      2 
269.56109      1 
271.45695      2 
272.73361      3 
275.22774      4 
278.12082      3 
280.81234      2 
283.55726      1 
285.45713      2 
287.35714      3 
289.24702      4 
290.93764      3 
292.42947      2 
293.58029      1 
294.62413      2 
296.3943       3 
299.14965      4 
301.72364      3 
304.03227      2 
305.59514      1 
308.29074      2 
311.12572      3 
312.62988      4 
313.96494      3 
315.10664      2 
318.08095      1 
320.95982      2 
323.52935      3 
326.03396      4 
327.66765      3 
329.65844      2 
332.05885      1 
333.24292      2 
335.78156      3 
337.01389      4 
338.05769      3 
340.91341      2 
342.7505       1 
344.65691      2 
346.47428      3 
348.77788      4 
350.69962      3 
352.43585      2 
354.71171      1 
356.61925      2 
357.6942       3 
360.69325      4 
363.50835      3 
366.14049      2 
368.86502      1 
371.59786      2 
373.92088      3 
375.47247      4 
377.19614      3 
378.73936      2 
380.92126      1 
382.83126      2 
384.74156      3 
387.56718      4 
390.21442      3 
392.6837       2 
394.33517      1 
397.04691      2 
399.15262      3 
400.91415      4 
402.49975      3 
403.90984      2 
405.03077      1 
406.05958      2 
407.86867      3 
410.63378      4 
413.23604      3 
415.6015       2 
418.19773      1 
420.11171      2 
422.02577      3 
423.7028       4 
425.20871      3 
426.5439       2 
428.62652      1 
431.54135      2 
433.45658      3 
436.1128       4 
438.60026      3 
440.91933      2 
443.49476      1 
444.70397      2 
446.20537      3 
448.33694      4 
449.81993      3 
451.13686      2 
452.21486      1 
454.13078      2 
456.95981      3 
459.64672      4 
462.13906      3 
464.46762      2 
467.05007      1 
468.96868      2 
471.6778       3 
473.28384      4 
474.79914      3 
476.15291      2 
477.25214      1 
480.15449      2 
483.08862      3 
485.79999      4 
488.35168      3 
490.74406      2 
492.36668      1 
495.07883      2 
497.20239      3 
498.9612       4 
500.56252      3 
502.00673      2 
503.15447      1 
505.07382      2 
507.9835       3 
510.80494      4 
513.46896      3 
515.97803      2 
517.66053      1 
519.58236      2 
521.32097      3 
523.57751      4 
525.31711      3 
526.90389      2 
529.12133      1 
530.23309      2 
531.34956      3 
533.88919      4 
536.71835      3 
539.39551      2 
542.15861      1 
544.91881      2 
546.21128      3 
548.28899      4 
550.21769      3 
551.99775      2 
554.31386      1 
555.48056      2 
558.07889      3 
559.26773      4 
560.30961      3 
563.20488      2 
566.07912      1 
568.90321      2 
571.42237      3 
573.97323      4 
575.69205      3 
577.7147       2 
580.15399      1 
582.08202      2 
584.01013      3 
585.45771      4 
586.76234      3 
587.92437      2 
589.93427      1 
592.86318      2 
594.79245      3 
597.3873       4 
599.84118      3 
602.15441      2 
604.74073      1 
607.45621      2 
609.72969      3 
611.26671      4 
612.88152      3 
614.35762      2 
