2.0769164      1 
3.9546501      2 
6.7867898      3 
9.1834298      4 
11.328959      3 
13.223955      2 
14.552903      1 
16.425457      2 
17.568932      3 
20.149622      4 
22.813559      3 
25.217433      2 
26.802323      1 
28.67794       2 
30.204638      3 
32.425338      4 
33.602279      3 
36.535528      2 
38.38347       1 
41.149265      2 
43.90512       3 
45.69104       4 
47.414219      3 
48.897054      2 
50.022104      1 
51.023921      2 
53.89887       3 
56.661933      4 
58.951331      3 
61.003689      2 
63.411756      1 
65.293772      2 
66.416534      3 
68.081144      4 
70.956468      3 
73.598008      2 
76.301897      1 
79.010063      2 
81.255294      3 
82.733157      4 
84.213841      3 
85.463956      2 
87.474026      1 
90.359129      2 
92.244752      3 
94.577891      4 
96.683105      3 
98.560919      2 
100.88662      1 
103.62993      2 
105.66648      3 
108.53576      4 
111.28441      3 
113.80879      2 
115.46466      1 
117.35203      2 
120.04093      3 
121.67336      4 
123.08409      3 
124.27363      2 
127.25801      1 
130.13177      2 
132.66632      3 
135.13903      4 
137.68619      3 
139.37914      2 
141.70707      1 
143.59841      2 
144.68543      3 
145.6874       4 
148.54991      3 
151.12456      2 
152.8098       1 
155.51729      2 
156.80065      3 
158.7271       4 
160.2334       3 
161.5275       2 
162.57007      1 
165.46394      2 
167.34806      3 
169.84758      4 
172.08802      3 
174.11917      2 
175.53712      1 
177.43075      2 
178.79121      3 
179.94338      4 
182.94007      3 
185.72563      2 
188.51516      1 
191.26589      2 
193.61215      3 
195.14924      4 
196.9099       3 
198.46699      2 
199.64865      1 
201.54444      2 
204.41997      3 
207.17341      4 
209.71968      3 
212.06519      2 
214.63768      1 
217.33487      2 
218.60727      3 
220.15432      4 
221.5029       3 
222.65348      2 
224.63046      1 
226.53301      2 
229.3392       3 
231.70229      4 
233.86964      3 
235.8417       2 
238.23048      1 
240.13325      2 
241.27151      3 
242.32856      4 
243.84346      3 
246.65321      2 
249.46171      1 
251.36602      2 
253.27051      3 
255.31428      4 
257.16765      3 
258.83107      2 
261.06831      1 
263.86481      2 
265.8805       3 
268.74131      4 
271.46149      3 
273.99433      2 
276.66706      1 
279.38284      2 
280.68045      3 
282.46822      4 
284.07078      3 
285.48858      2 
286.60873      1 
287.63244      2 
290.56015      3 
293.39028      4 
295.8906       3 
298.20868      2 
300.77672      1 
302.68614      2 
303.88852      3 
305.70705      4 
307.12026      3 
308.35374      2 
310.38091      1 
313.2913       2 
316.14782      3 
318.06355      4 
320.40459      3 
322.56839      2 
325.06187      1 
326.26781      2 
328.79027      3 
330.24911      4 
331.53274      3 
332.64154      2 
334.60939      1 
336.52327      2 
339.34109      3 
341.75463      4 
343.99536      3 
346.06367      2 
348.5119       1 
350.4261       2 
352.34039      3 
353.723        4 
354.93518      3 
355.9773       2 
357.91479      1 
360.77559      2 
362.74447      3 
365.11031      4 
367.30806      3 
369.33811      2 
371.76957      1 
373.6861       2 
375.60272      3 
376.96578      4 
378.16305      3 
379.19492      2 
382.12817      1 
384.98678      2 
387.54903      3 
388.99277      4 
391.20332      3 
393.25073      2 
395.69315      1 
397.61196      2 
398.7913       3 
400.5578       4 
401.79518      3 
402.87167      2 
404.83049      1 
406.75116      2 
409.57352      3 
412.01015      4 
414.28775      3 
416.40666      2 
417.89368      1 
420.60225      2 
422.7292       3 
424.21705      4 
425.54804      3 
426.72254      2 
427.73204      1 
429.65894      2 
432.38755      3 
435.01468      4 
437.41209      3 
439.65515      2 
442.19962      1 
444.909        2 
447.14076      3 
448.61721      4 
450.09386      3 
451.41829      2 
453.50477      1 
455.42882      2 
458.35321      3 
461.07225      4 
463.6408       3 
466.05922      2 
468.69335      1 
470.61877      2 
471.8325       3 
473.78745      4 
475.46039      3 
476.98525      2 
478.17869      1 
480.10262      2 
481.18897      3 
483.93549      4 
486.73035      3 
489.37395      2 
491.12726      1 
492.29477      2 
494.56443      3 
496.00284      4 
498.12198      3 
499.89641      2 
502.21203      1 
504.97318      2 
507.0806       3 
508.26367      4 
509.32294      3 
512.24015      2 
515.12766      1 
517.96291      2 
519.16988      3 
521.52218      4 
523.73405      3 
525.80584      2 
528.2719       1 
530.20219      2 
532.13256      3 
533.64719      4 
535.02333      3 
536.2613       2 
538.3115       1 
541.24257      2 
544.15582      3 
546.08911      4 
548.641        3 
551.05662      2 
552.70213      1 
555.42601      2 
558.24288      3 
560.03519      4 
561.77416      3 
563.37873      2 
565.61427      1 
566.74439      2 
567.92029      3 
568.98277      4 
571.35         3 
574.15748      2 
575.99672      1 
578.80391      2 
580.8619       3 
583.13942      4 
585.28592      3 
587.30168      2 
588.75113      1 
589.96388      2 
591.85598      3 
593.26231      4 
594.52107      3 
596.4466       2 
598.50128      1 
600.43761      2 
602.37268      3 
605.10779      4 
607.70528      3 
610.17561      2 
