2.0723001      1 
3.9459845      2 
5.8013416      3 
8.2248253      4 
10.324486      3 
12.164504      2 
14.455255      1 
15.570731      2 
16.625573      3 
19.030839      4 
21.611612      3 
23.906286      2 
25.432453      1 
27.303255      2 
28.743815      3 
31.021975      4 
32.045101      3 
34.815671      2 
36.579187      1 
39.299537      2 
42.061444      3 
43.733451      4 
45.249949      3 
46.517364      2 
48.526846      1 
51.40273       2 
54.190468      3 
56.037563      4 
58.068142      3 
59.853062      2 
62.123253      1 
64.000843      2 
65.022919      3 
66.775608      4 
69.357535      3 
71.680336      2 
73.227336      1 
75.105124      2 
77.807622      3 
79.166858      4 
80.28659       3 
83.167367      2 
84.991831      1 
87.746399      2 
90.505021      3 
92.278392      4 
93.972636      3 
95.431211      2 
97.543174      1 
99.42632       2 
102.30433      3 
104.82565      4 
107.114        3 
109.16991      2 
111.58206      1 
113.46637      2 
115.35083      3 
116.48238      4 
119.38415      3 
122.0567       2 
123.78334      1 
126.49849      2 
129.27486      3 
130.95273      4 
132.487        3 
133.79518      2 
134.83786      1 
137.72491      2 
139.60006      3 
142.06675      4 
144.2523       3 
146.21487      2 
148.58511      1 
150.47408      2 
151.5845       3 
152.60917      4 
154.17735      3 
156.81964      2 
158.53257      1 
159.70546      2 
161.77896      3 
164.1846       4 
165.72807      3 
167.05465      2 
169.10989      1 
171.00531      2 
172.88719      3 
175.39608      4 
177.64568      3 
179.68138      2 
181.09929      1 
182.99061      2 
184.34359      3 
186.74262      4 
189.71615      3 
192.4787       2 
195.25444      1 
197.99711      2 
200.32555      3 
202.86038      4 
204.43891      3 
205.94582      2 
208.09576      1 
209.13562      2 
211.84546      3 
214.54096      4 
217.0147       3 
219.28322      2 
221.81507      1 
224.51106      2 
226.68204      3 
228.04423      4 
229.29378      3 
230.34094      2 
233.26337      1 
235.16269      2 
237.06234      3 
239.3046       4 
241.34679      3 
243.18937      2 
245.51133      1 
247.41189      2 
249.31263      3 
250.36138      4 
253.21281      3 
255.86737      2 
258.59617      1 
260.49838      2 
262.40072      3 
264.27235      4 
265.94939      3 
267.43226      2 
269.57711      1 
271.48027      2 
274.3838       3 
277.0945       4 
279.61328      3 
281.94056      2 
283.51497      1 
284.71893      2 
286.64971      3 
289.14116      4 
290.5176       3 
291.70518      2 
293.70477      1 
295.61199      2 
297.50084      3 
299.99491      4 
302.24471      3 
304.30825      2 
306.7472       1 
308.65451      2 
310.56192      3 
311.8847       4 
313.02335      3 
315.9783       2 
318.8639       1 
321.67927      2 
322.88955      3 
325.11392      4 
327.15669      3 
329.01829      2 
330.36525      1 
333.10519      2 
335.17858      3 
336.31964      4 
339.28159      3 
342.06487      2 
344.86707      1 
346.00827      2 
348.65434      3 
350.72698      4 
352.62298      3 
354.34275      2 
355.62072      1 
356.76031      2 
357.82377      3 
359.36432      4 
362.26353      3 
364.94745      2 
367.6959       1 
368.86259      2 
370.49023      3 
372.70314      4 
374.51097      3 
376.14738      2 
377.38561      1 
379.29777      2 
380.42417      3 
383.41789      4 
386.20312      3 
388.81928      2 
390.54773      1 
391.7223       2 
393.91017      3 
396.33407      4 
398.11074      3 
399.72067      2 
400.94784      1 
402.86236      2 
403.97691      3 
406.68017      4 
409.46656      3 
412.08409      2 
414.81055      1 
416.72888      2 
418.64732      3 
420.61085      4 
422.41181      3 
424.05058      2 
425.29467      1 
426.42052      2 
427.47625      3 
430.47267      4 
433.35423      3 
436.02769      2 
437.78888      1 
440.54335      2 
443.33583      3 
445.21333      4 
447.09252      3 
448.81395      2 
450.10206      1 
452.02118      2 
453.26246      3 
454.35404      4 
457.33731      3 
460.11979      2 
461.93681      1 
464.7213       2 
465.98392      3 
468.20442      4 
470.2143       3 
472.07073      2 
473.42899      1 
475.3504       2 
476.71167      3 
477.90458      4 
478.99343      3 
481.96718      2 
483.86523      1 
486.7042       2 
488.71276      3 
491.05398      4 
493.24558      3 
495.28793      2 
497.73472      1 
499.66044      2 
501.58623      3 
503.03495      4 
504.33612      3 
505.49008      2 
507.49363      1 
509.42151      2 
511.33843      3 
513.93964      4 
516.36261      3 
518.64039      2 
520.21315      1 
522.92361      2 
525.0625       3 
526.76287      4 
528.31971      3 
529.73336      2 
530.87259      1 
531.93219      2 
534.92431      3 
536.67203      4 
539.38377      3 
541.94516      2 
544.65514      1 
546.58503      2 
549.30937      3 
552.12646      4 
553.90862      3 
555.62948      2 
556.9266       1 
558.85502      2 
561.66386      3 
562.83078      4 
563.86001      3 
566.75188      2 
568.63161      1 
570.56328      2 
572.44647      3 
574.89195      4 
577.1017       3 
579.17597      2 
581.64557      1 
583.57816      2 
584.77865      3 
585.88592      4 
587.51927      3 
588.78718      2 
589.85662      1 
590.85744      2 
592.73636      3 
595.52271      4 
598.17944      3 
600.65208      2 
