2.0815324      1 
3.9632326      2 
5.8329709      3 
8.3136689      4 
10.505066      3 
12.45504       2 
14.809797      1 
16.689578      2 
17.777726      3 
19.451663      4 
22.203263      3 
24.716339      2 
27.353905      1 
29.235581      2 
30.428508      3 
32.200996      4 
33.531754      3 
34.627681      2 
37.558326      1 
40.382368      2 
42.827657      3 
45.295443      4 
46.91484       3 
48.613096      2 
50.846982      1 
51.938729      2 
54.614177      3 
57.391341      4 
59.939557      3 
62.259353      2 
63.811735      1 
65.00828       2 
66.090787      3 
67.760579      4 
69.033331      3 
72.01796       2 
74.885458      1 
77.670833      2 
80.063228      3 
82.555361      4 
84.17085       3 
85.790303      2 
87.989489      1 
89.061196      2 
91.753258      3 
94.493973      4 
97.010157      3 
99.307211      2 
101.84637      1 
104.53837      2 
106.69911      3 
108.04129      4 
109.25024      3 
112.24307      2 
114.1338       1 
116.02678      2 
117.84982      3 
120.15355      4 
122.07324      3 
123.77977      2 
126.02699      1 
127.13422      2 
129.79218      3 
132.65102      4 
135.29915      3 
137.73707      2 
140.35099      1 
141.54802      2 
143.0346       3 
144.25132      4 
146.03542      3 
147.22216      2 
150.21207      1 
153.09758      2 
155.66413      3 
158.15277      4 
159.77153      3 
161.72428      2 
164.09883      1 
166.82615      2 
167.97979      3 
169.11932      4 
172.05672      3 
174.79244      2 
177.55941      1 
179.45923      2 
182.16987      3 
183.92735      4 
185.66168      3 
187.19711      2 
188.37011      1 
191.20914      2 
194.16785      3 
196.91226      4 
199.46006      3 
201.81169      2 
203.39586      1 
204.59819      2 
206.5333       3 
207.93244      4 
210.02327      3 
211.20737      2 
214.2029       1 
217.10039      2 
219.69994      3 
222.20671      4 
223.81883      3 
225.85145      2 
228.2727       1 
230.9885       2 
233.11259      3 
234.35062      4 
235.43577      3 
238.33274      2 
240.19007      1 
242.98513      2 
245.00025      3 
247.1488       4 
249.11132      3 
250.88824      2 
253.18438      1 
254.32888      2 
255.51114      3 
256.54315      4 
259.49577      3 
262.16805      2 
264.91258      1 
267.65284      2 
268.94281      3 
270.8871       4 
272.65044      3 
274.23324      2 
275.43966      1 
277.34717      2 
278.39313      3 
281.12637      4 
283.82949      3 
286.3378       2 
289.00291      1 
290.91447      2 
293.61914      3 
295.30678      4 
296.93097      3 
298.37955      2 
299.52011      1 
301.43005      2 
304.30852      3 
307.0676       4 
309.64421      3 
312.04764      2 
314.66279      1 
317.37198      2 
319.62797      3 
321.13525      4 
322.6787       3 
324.05133      2 
325.15548      1 
327.06784      2 
329.92056      3 
332.63393      4 
335.1584       3 
337.51441      2 
340.10824      1 
342.81629      2 
345.06372      3 
346.56133      4 
348.08083      3 
349.43418      2 
350.53083      1 
353.43525      2 
356.36278      3 
359.05537      4 
361.58371      3 
363.94819      2 
366.54854      1 
369.25866      2 
371.51544      3 
373.02607      4 
374.57688      3 
375.96608      2 
377.08341      1 
379.00047      2 
381.87791      3 
384.63556      4 
387.22227      3 
389.6496       2 
391.28948      1 
393.20889      2 
394.90436      3 
396.20679      4 
398.14468      3 
399.62335      2 
401.78455      1 
403.70612      2 
405.62797      3 
408.48146      4 
411.17955      3 
413.7226       2 
416.41653      1 
418.33954      2 
420.26264      3 
422.1891       4 
423.9623       3 
425.5826       2 
427.81676      1 
428.93895      2 
430.08196      3 
431.09345      4 
434.05795      3 
436.76817      2 
438.55197      1 
441.32068      2 
443.39812      3 
445.50858      4 
447.46997      3 
449.28263      2 
450.62125      1 
452.54498      2 
453.88395      3 
455.06474      4 
457.31161      3 
460.23904      2 
463.12934      1 
465.05643      2 
466.98373      3 
469.32777      4 
471.52681      3 
473.58118      2 
476.03626      1 
477.96426      2 
479.89235      3 
481.37135      4 
482.70734      3 
483.90064      2 
484.92698      1 
487.85571      2 
489.77974      3 
492.42821      4 
494.913        3 
497.25708      2 
498.86495      1 
500.79346      2 
503.50485      3 
505.28927      4 
506.93458      3 
508.4411       2 
509.62991      1 
511.55855      2 
512.65456      3 
515.40591      4 
518.22648      3 
520.90696      2 
522.68295      1 
525.45319      2 
527.54282      3 
529.67892      4 
531.67971      3 
533.5455       2 
535.91124      1 
537.10163      2 
538.4454       3 
540.69349      4 
541.88893      3 
542.95123      2 
545.91586      1 
547.84958      2 
550.69777      3 
552.65841      4 
555.05957      3 
557.32942      2 
558.90512      1 
560.83817      2 
562.50466      3 
564.76873      4 
566.38654      3 
567.87483      2 
569.05908      1 
570.99241      2 
572.09818      3 
574.85418      4 
577.70099      3 
580.41847      2 
582.21718      1 
585.00273      2 
586.2805       3 
588.54453      4 
590.62776      3 
592.58502      2 
595.00094      1 
596.93821      2 
598.12655      3 
599.93669      4 
601.26842      3 
602.47591      2 
603.51907      1 
605.45794      2 
608.3027       3 
611.0409       4 
613.63146      3 
616.09948      2 
