2.046904       1 
4.8903518      2 
6.7345169      3 
8.8923688      4 
10.739756      3 
12.277393      2 
14.391937      1 
17.237478      2 
20.049826      3 
21.85128       4 
23.850842      3 
25.544911      2 
27.739847      1 
28.774664      2 
31.357359      3 
33.885328      4 
36.062462      3 
37.938303      2 
39.232073      1 
40.334274      2 
43.318517      3 
44.839951      4 
47.250206      3 
49.332809      2 
51.726032      1 
53.578123      2 
54.652205      3 
56.299709      4 
58.913292      3 
61.227303      2 
62.744724      1 
63.924346      2 
65.63091       3 
66.780048      4 
69.741016      3 
72.310745      2 
73.957091      1 
76.632026      2 
78.664045      3 
80.084259      4 
81.218747      3 
84.068168      2 
86.850378      1 
87.989977      2 
90.528222      3 
92.243927      4 
93.677835      3 
94.830593      2 
96.767975      1 
98.629302      2 
100.42164      3 
102.65366      4 
104.41036      3 
105.88978      2 
107.99139      1 
110.85311      2 
113.68356      3 
115.51383      4 
117.61637      3 
119.44544      2 
121.72383      1 
123.58758      2 
124.59296      3 
126.33853      4 
128.83793      3 
131.03934      2 
133.50555      1 
134.68347      2 
137.16687      3 
138.29562      4 
141.15775      3 
143.75387      2 
145.42465      1 
148.11153      2 
149.36945      3 
151.18863      4 
152.46388      3 
153.47677      2 
156.3521       1 
159.12612      2 
160.34168      3 
162.3112       4 
164.02137      3 
165.47281      2 
166.57237      1 
169.4411       2 
171.30804      3 
173.77802      4 
175.94464      3 
177.85607      2 
180.18472      1 
181.32102      2 
182.44159      3 
184.78899      4 
185.8443       3 
188.24047      2 
190.81111      1 
192.68599      2 
194.56098      3 
195.95263      4 
197.09549      3 
199.99012      2 
202.81332      1 
204.68995      2 
206.56682      3 
208.47426      4 
210.13634      3 
211.5536       2 
212.64277      1 
215.51873      2 
217.39216      3 
219.88072      4 
222.08236      3 
224.04255      2 
226.4024       1 
228.28218      2 
231.07121      3 
234.04251      4 
236.8038       3 
239.32695      2 
240.97539      1 
243.66707      2 
245.73298      3 
247.3091       4 
248.64983      3 
249.7557       2 
252.69131      1 
254.57445      2 
256.45797      3 
258.62982      4 
260.56951      3 
262.27757      2 
264.51634      1 
266.4009       2 
268.28576      3 
271.07264      4 
273.63055      3 
275.96001      2 
278.51071      1 
280.39714      2 
282.28366      3 
283.7046       4 
284.89972      3 
287.86954      2 
290.7418       1 
293.53014      2 
294.75024      3 
296.82403      4 
298.6751       3 
300.30396      2 
301.51265      1 
303.39905      2 
306.2721       3 
309.0213       4 
311.54679      3 
313.85312      2 
315.4034       1 
317.29272      2 
318.81612      3 
320.05687      4 
321.16736      3 
322.85442      2 
325.74735      1 
328.55322      2 
330.98578      3 
332.48194      4 
334.41067      3 
336.12622      2 
338.37795      1 
340.2717       2 
341.30576      3 
343.0735       4 
345.73959      3 
348.18641      2 
350.80477      1 
352.70029      2 
354.59591      3 
356.2066       4 
357.60946      3 
358.80497      2 
361.79927      1 
363.69598      2 
365.59313      3 
367.96401      4 
370.12992      3 
372.09132      2 
373.47672      1 
375.37262      2 
376.6915       3 
377.81419      4 
380.06769      3 
382.81497      2 
384.59053      1 
386.48982      2 
388.25284      3 
389.5205       4 
391.44838      3 
392.99223      2 
394.1695       1 
396.06765      2 
398.94576      3 
401.70425      4 
404.26037      3 
406.62031      2 
409.20229      1 
410.40522      2 
412.92411      3 
414.50382      4 
415.8896       3 
417.08189      2 
420.08152      1 
422.98272      2 
425.58827      3 
426.93943      4 
429.17096      3 
431.21166      2 
433.63693      1 
436.35172      2 
437.55417      3 
438.83595      4 
439.92909      3 
442.83402      2 
444.69526      1 
446.60177      2 
449.34954      3 
451.50598      4 
453.47638      3 
455.26116      2 
457.56121      1 
459.46871      2 
460.5606       3 
462.29142      4 
465.15451      3 
467.83453      2 
469.58759      1 
471.49592      2 
473.26116      3 
475.51358      4 
477.28458      3 
478.87503      2 
481.08048      1 
482.99044      2 
484.01336      3 
486.94074      4 
489.63465      3 
492.1505       2 
494.81937      1 
496.73092      2 
499.43584      3 
501.12828      4 
502.75992      3 
504.21594      2 
506.35661      1 
508.26901      2 
510.18369      3 
512.94517      4 
515.52914      3 
517.9399       2 
520.5587       1 
522.47265      2 
524.38666      3 
526.10857      4 
527.65927      3 
529.03913      2 
531.14407      1 
532.16206      2 
534.92109      3 
537.63925      4 
540.17087      3 
542.534        2 
544.13759      1 
546.05233      2 
547.70127      3 
548.9992       4 
550.15718      3 
551.82649      2 
552.92674      1 
554.84147      2 
557.69719      3 
560.41617      4 
562.95146      3 
565.32288      2 
567.92669      1 
570.63721      2 
572.89624      3 
574.40959      4 
575.96726      3 
577.3633       2 
579.48094      1 
580.51416      2 
583.28587      3 
586.04867      4 
588.64215      3 
591.07622      2 
593.71354      1 
595.63436      2 
597.55525      3 
599.35536      4 
600.9979       3 
602.48322      2 
