1.0435676      1 
3.8827932      2 
5.6902099      3 
6.8643054      4 
8.7471382      3 
10.229797      2 
11.314617      1 
14.154374      2 
15.978946      3 
18.292011      4 
20.191357      3 
21.776226      2 
23.912049      1 
25.758302      2 
28.584365      3 
30.918554      4 
32.941871      3 
34.655034      2 
36.857191      1 
38.702594      2 
40.554045      3 
43.059991      4 
45.233065      3 
47.100247      2 
48.387331      1 
50.231727      2 
53.058486      3 
55.716426      4 
58.064688      3 
60.111262      2 
62.484234      1 
65.194105      2 
67.189612      3 
69.964023      4 
72.512553      3 
74.763542      2 
77.240644      1 
78.413365      2 
80.881314      3 
81.948978      4 
84.722513      3 
87.202597      2 
88.802347      1 
90.655017      2 
92.13634       3 
93.316874      4 
94.33098       3 
97.180633      2 
99.902744      1 
101.0636       2 
103.5644       3 
105.1469       4 
106.4433       3 
107.45426      2 
109.31992      1 
112.07843      2 
113.29618      3 
115.2608       4 
116.85439      3 
118.16647      2 
119.18261      1 
122.04356      2 
123.87184      3 
126.18328      4 
128.09747      3 
129.73401      2 
131.91407      1 
132.94871      2 
135.56721      3 
136.69505      4 
138.96738      3 
140.95142      2 
143.30704      1 
146.02918      2 
147.10587      3 
150.00088      4 
152.6252       3 
154.97945      2 
157.52179      1 
159.3875       2 
161.25333      3 
162.53352      4 
163.54674      3 
166.29359      2 
168.03863      1 
169.90576      2 
171.57474      3 
173.73403      4 
175.15828      3 
176.31984      2 
178.27057      1 
181.0984       2 
183.0084       3 
185.12522      4 
186.98236      3 
188.58041      2 
189.75472      1 
191.62226      2 
194.41518      3 
197.01857      4 
199.33013      3 
201.38617      2 
203.78687      1 
205.65968      2 
207.53267      3 
208.57248      4 
211.35971      3 
213.89492      2 
216.53661      1 
218.41137      2 
219.60073      3 
221.34949      4 
222.63333      3 
223.66862      2 
226.56205      1 
227.64411      2 
230.29932      3 
232.34613      4 
234.14725      3 
235.70324      2 
237.85923      1 
238.88817      2 
241.54846      3 
244.16198      4 
246.50076      3 
248.59777      2 
251.02578      1 
252.20258      2 
253.47189      3 
254.55659      4 
256.55752      3 
259.2225       2 
261.93234      1 
264.64059      2 
266.88434      3 
269.45362      4 
270.87295      3 
272.1119       2 
273.11414      1 
275.99851      2 
278.79313      3 
281.09684      4 
283.16809      3 
285.00741      2 
286.31766      1 
288.1995       2 
289.3438       3 
291.94627      4 
294.64347      3 
297.10239      2 
299.71758      1 
301.6039       2 
302.79743      3 
304.56786      4 
305.89094      3 
306.98843      2 
309.92448      1 
312.75691      2 
315.22326      3 
316.68248      4 
318.65975      3 
320.41453      2 
322.6812       1 
323.79654      2 
324.87441      3 
327.32421      4 
329.98998      3 
332.42049      2 
334.03228      1 
335.22726      2 
337.15866      3 
338.54278      4 
340.61178      3 
341.73624      2 
343.69141      1 
346.54475      2 
348.47533      3 
350.73907      4 
352.78887      3 
354.62522      2 
355.94327      1 
357.83445      2 
359.02682      3 
362.02431      4 
364.80077      3 
367.36672      2 
370.04445      1 
371.93986      2 
373.13999      3 
374.22279      4 
375.84989      3 
377.1629       2 
378.21755      1 
381.11317      2 
383.00274      3 
385.53109      4 
387.81315      3 
389.89044      2 
391.33372      1 
394.03887      2 
395.23837      3 
396.32666      4 
397.93389      3 
400.79244      2 
403.62069      1 
406.39301      2 
408.7807       3 
410.31459      4 
412.17034      3 
413.82691      2 
415.06131      1 
416.16655      2 
417.8732       3 
420.71549      4 
423.40155      3 
425.87266      2 
428.51002      1 
431.21543      2 
433.45963      3 
434.94703      4 
436.4427       3 
437.74464      2 
439.7991       1 
441.70531      2 
443.60173      3 
446.16664      4 
448.50656      3 
450.65539      2 
453.13452      1 
455.83885      2 
457.07493      3 
458.46385      4 
459.66389      3 
460.67547      2 
463.58705      1 
466.41855      2 
468.91568      3 
471.42554      4 
473.09789      3 
474.98785      2 
476.34672      1 
477.51928      2 
479.2682       3 
480.43893      4 
482.97216      3 
485.75762      2 
488.55776      1 
490.4667       2 
493.19534      3 
495.01925      4 
496.89279      3 
498.58555      2 
499.84757      1 
500.97668      2 
502.02967      3 
505.0144       4 
507.86799      3 
510.48474      2 
513.2039       1 
515.11535      2 
517.0269       3 
518.93455      4 
520.66594      3 
522.22148      2 
524.41182      1 
525.49599      2 
528.22565      3 
531.08183      4 
533.76417      3 
536.27308      2 
538.94079      1 
540.85464      2 
542.06205      3 
544.00581      4 
545.65352      3 
547.13019      2 
548.2874       1 
550.19967      2 
553.09849      3 
555.89811      4 
558.52542      3 
560.98403      2 
563.62898      1 
565.54517      2 
568.25171      3 
569.93398      4 
571.5549       3 
573.00945      2 
575.154        1 
576.20746      2 
578.9725       3 
581.76918      4 
584.39755      3 
586.86183      2 
589.51191      1 
590.71113      2 
592.27575      3 
593.51688      4 
595.39928      3 
596.88691      2 
