2.0561402      1 
4.9087747      2 
6.7621011      3 
8.9934263      4 
10.932549      3 
12.580143      2 
14.758802      1 
16.613464      2 
18.47288       3 
20.988509      4 
23.188502      3 
25.100973      2 
27.414025      1 
29.270819      2 
31.12791       3 
33.896902      4 
36.381669      3 
38.582866      2 
40.04877       1 
41.90549       2 
43.218604      3 
44.278047      4 
47.206136      3 
49.71958       2 
52.336618      1 
54.19761       2 
56.058722      3 
57.459904      4 
58.58462       3 
61.433507      2 
64.220058      1 
66.942156      2 
69.194766      3 
70.660479      4 
72.139726      3 
73.346936      2 
75.315476      1 
78.153147      2 
80.90819       3 
82.71771       4 
84.574105      3 
86.162201      2 
88.322692      1 
90.188915      2 
92.058997      3 
94.60478       4 
96.860628      3 
98.851865      2 
100.22213      1 
102.08781      2 
103.27861      3 
105.80874      4 
108.493        3 
110.90932      2 
112.49352      1 
114.36223      2 
115.86922      3 
117.08029      4 
118.97984      3 
121.8429       2 
124.64574      1 
126.51782      2 
129.21174      3 
130.89637      4 
132.48136      3 
133.81251      2 
134.85274      1 
136.73381      2 
139.34124      3 
141.82268      4 
143.89332      3 
145.71361      2 
147.00499      1 
148.87746      2 
149.95094      3 
152.57893      4 
155.18452      3 
157.51471      2 
160.05657      1 
161.24906      2 
162.63044      3 
164.70895      4 
165.81306      3 
168.67363      2 
170.48591      1 
171.61536      2 
173.80715      3 
175.20434      4 
177.17214      3 
178.5833       2 
179.67172      1 
182.54999      2 
184.42608      3 
186.92482      4 
189.14336      3 
191.12503      2 
193.49788      1 
194.6587       2 
195.86756      3 
196.89639      4 
199.82136      3 
202.39318      2 
204.06792      1 
206.76652      2 
209.55633      3 
211.14661      4 
212.55838      3 
213.73974      2 
215.71596      1 
217.60257      2 
220.38398      3 
222.64899      4 
224.68623      3 
226.49623      2 
228.78814      1 
229.91574      2 
231.02559      3 
233.4335       4 
236.1251       3 
238.5826       2 
241.19937      1 
243.89316      2 
246.09341      3 
247.51497      4 
248.85959      3 
249.98316      2 
251.93565      1 
254.7846       2 
255.9299       3 
258.19452      4 
260.22051      3 
262.02851      2 
263.32997      1 
265.2188       2 
266.37324      3 
268.98525      4 
270.02263      3 
272.53456      2 
275.18234      1 
276.37315      2 
278.89869      3 
280.5541       4 
281.99698      3 
283.2278       2 
284.23777      1 
287.13314      2 
289.95099      3 
292.33849      4 
294.51637      3 
296.48511      2 
298.86533      1 
300.7612       2 
301.88631      3 
303.5811       4 
306.51137      3 
309.23538      2 
311.9942       1 
313.89174      2 
315.78942      3 
317.69313      4 
319.39294      3 
320.88933      2 
323.03632      1 
324.07577      2 
326.79173      3 
329.49435      4 
331.98061      3 
334.26625      2 
335.81543      1 
337.71395      2 
339.26134      3 
341.50891      4 
342.79831      3 
343.88984      2 
346.83675      1 
348.73828      2 
351.52526      3 
353.41536      4 
355.52435      3 
357.43817      2 
359.79793      1 
361.70074      2 
363.60371      3 
364.74141      4 
367.6862       3 
370.43851      2 
373.21836      1 
374.3691       2 
376.98642      3 
378.97328      4 
380.76988      3 
382.37665      2 
384.58564      1 
387.40049      2 
389.39697      3 
392.22999      4 
394.89418      3 
397.37115      2 
400.01604      1 
402.72576      2 
404.98554      3 
406.49296      4 
408.0403       3 
409.403        2 
411.49245      1 
414.40034      2 
417.30503      3 
420.12843      4 
422.89213      3 
424.8468       2 
427.38777      1 
429.29723      2 
431.20677      3 
432.74628      4 
434.10577      3 
435.28566      2 
437.28601      1 
439.19782      2 
441.09308      3 
443.61014      4 
445.89821      3 
448.00914      2 
449.483        1 
450.68673      2 
452.53158      3 
453.87879      4 
456.10975      3 
457.16642      2 
460.10745      1 
462.96783      2 
465.52462      3 
468.04882      4 
470.6288       3 
472.4106       2 
474.83321      1 
476.02857      2 
477.38417      3 
478.56695      4 
480.50388      3 
483.4953       2 
486.40603      1 
488.32152      2 
489.45046      3 
490.47996      4 
492.63412      3 
494.61415      2 
497.02069      1 
498.93726      2 
500.85393      3 
502.16743      4 
503.31526      3 
506.29781      2 
508.20839      1 
511.05039      2 
513.04228      3 
515.36746      4 
517.52925      3 
519.52802      2 
521.9462       1 
523.14317      2 
524.50624      3 
526.69942      4 
527.88871      3 
528.91723      2 
531.85111      1 
534.7124       2 
537.28331      3 
539.82325      4 
541.49613      3 
543.56773      2 
546.02449      1 
548.73982      2 
550.91537      3 
552.27968      4 
553.5639       3 
554.69173      2 
557.67759      1 
560.58497      2 
563.23811      3 
565.79618      4 
568.33551      3 
570.14723      2 
571.67537      1 
574.3823       2 
576.51545      3 
578.09908      4 
579.53023      3 
580.80926      2 
581.87493      1 
584.79735      2 
587.71078      3 
590.38483      4 
592.90851      3 
595.28216      2 
597.89398      1 
600.60976      2 
602.88982      3 
604.43073      4 
606.05941      3 
607.54012      2 
