2.0445947      1 
3.8922463      2 
5.7003652      3 
7.9687691      4 
9.7932222      3 
11.303371      2 
12.404623      1 
14.254115      2 
16.853877      3 
19.280309      4 
21.229763      3 
22.869232      2 
24.038772      1 
25.880336      2 
28.596249      3 
31.083891      4 
33.184117      3 
34.978618      2 
37.223649      1 
40.00127       2 
41.920735      3 
44.499367      4 
46.775782      3 
48.750674      2 
51.087929      1 
52.212839      2 
53.27335       3 
55.599939      4 
58.116976      3 
60.297269      2 
62.739157      1 
64.591189      2 
66.443401      3 
69.441019      4 
72.144668      3 
74.555027      2 
76.12025       1 
77.972764      2 
79.410639      3 
81.659386      4 
84.613398      3 
87.27815       2 
89.965983      1 
92.65083       2 
93.902062      3 
95.416426      4 
96.644848      3 
99.587987      2 
102.41695      1 
104.27514      2 
105.44585      3 
107.33909      4 
108.86564      3 
110.11082      2 
112.09342      1 
114.93825      2 
116.81332      3 
118.93952      4 
120.78759      3 
122.35816      2 
123.5091       1 
125.36714      2 
128.11178      3 
130.64442      4 
132.83708      3 
134.75605      2 
136.08545      1 
137.21615      2 
138.83909      3 
141.61839      4 
144.20868      3 
146.49876      2 
149.00913      1 
150.19387      2 
151.51627      3 
152.63066      4 
155.60224      3 
158.28581      2 
159.99969      1 
161.86667      2 
163.50703      3 
164.75774      4 
166.55201      3 
167.65115      2 
170.56956      1 
172.43894      2 
174.30871      3 
176.36369      4 
178.15913      3 
179.69562      2 
181.83496      1 
182.84391      2 
185.48366      3 
186.64343      4 
188.91369      3 
190.90901      2 
192.28595      1 
194.1563       2 
195.37481      3 
197.89494      4 
200.62407      3 
203.0994       2 
205.71126      1 
207.58608      2 
209.461        3 
210.93463      4 
212.15928      3 
215.13552      2 
217.00228      1 
219.77741      2 
221.75273      3 
223.74104      4 
225.48378      3 
226.98152      2 
229.10843      1 
230.98625      2 
232.86574      3 
235.41672      4 
237.69792      3 
239.73749      2 
241.1435       1 
243.02088      2 
244.31026      3 
245.37805      4 
248.32673      3 
250.92817      2 
252.61523      1 
254.49584      2 
257.18073      3 
258.83441      4 
260.25252      3 
261.4356       2 
263.41041      1 
265.29474      2 
268.07189      3 
270.32024      4 
272.33625      3 
274.12046      2 
276.3972       1 
277.51489      2 
280.1386       3 
283.00093      4 
285.63412      3 
288.03868      2 
289.63306      1 
290.82796      2 
292.72211      3 
294.08341      4 
295.25654      3 
297.06541      2 
298.97663      1 
301.79183      2 
303.7507       3 
305.89787      4 
307.82216      3 
309.52407      2 
311.76438      1 
313.65354      2 
315.543        3 
318.36052      4 
320.95822      3 
323.33659      2 
325.91626      1 
327.80724      2 
329.69832      3 
331.20446      4 
332.4938       3 
333.56684      2 
335.49685      1 
338.33028      2 
339.49908      3 
341.73855      4 
343.73751      3 
345.52315      2 
346.81569      1 
349.57592      2 
351.59745      3 
354.53466      4 
357.26099      3 
359.77693      2 
361.43548      1 
364.13815      2 
366.22074      3 
367.89992      4 
369.3711       3 
370.63478      2 
371.66407      1 
373.56663      2 
376.23749      3 
378.78746      4 
381.02076      3 
383.04939      2 
385.46175      1 
387.35988      2 
389.25814      3 
390.47286      4 
391.48527      3 
394.29584      2 
397.10014      1 
399.85989      2 
402.22546      3 
404.75137      4 
406.37558      3 
407.98482      2 
409.19527      1 
410.28457      2 
411.99561      3 
414.83313      4 
417.48266      3 
419.90709      2 
422.5212       1 
425.22317      2 
427.45254      3 
430.08066      4 
431.49118      3 
432.74709      2 
434.77853      1 
437.68199      2 
440.52994      3 
442.43417      4 
444.72858      3 
446.83201      2 
448.29523      1 
450.99955      2 
452.22258      3 
454.07115      4 
455.2263       3 
458.19311      2 
460.08467      1 
461.17105      2 
463.60619      3 
464.96636      4 
467.10772      3 
468.95352      2 
470.29024      1 
472.19538      2 
474.98872      3 
476.09576      4 
479.01917      3 
481.75938      2 
484.5378       1 
486.44679      2 
488.35594      3 
490.36754      4 
492.19803      3 
493.84783      2 
495.08816      1 
496.20445      2 
497.24542      3 
500.20663      4 
503.03854      3 
505.61293      2 
508.31097      1 
510.22246      2 
512.93025      3 
514.65857      4 
516.34808      3 
517.86184      2 
519.03556      1 
520.10798      2 
521.85823      3 
524.70405      4 
527.37341      3 
529.84111      2 
532.48829      1 
534.40218      2 
537.10742      3 
538.78211      4 
540.38909      3 
541.82512      2 
543.95811      1 
545.00015      2 
547.7593       3 
548.8171       4 
551.40588      3 
553.82441      2 
555.45538      1 
557.37019      2 
559.04625      3 
561.28136      4 
562.86267      3 
564.27768      2 
565.40583      1 
566.44535      2 
568.24878      3 
571.04656      4 
573.68332      3 
576.10861      2 
578.73926      1 
580.65778      2 
582.57638      3 
584.34943      4 
585.96036      3 
587.40954      2 
588.55745      1 
589.61572      2 
592.59648      3 
594.33278      4 
596.99237      3 
599.47885      2 
