2.0515223      1 
3.9059614      2 
6.677939       3 
8.8725276      4 
10.765783      3 
12.358398      2 
14.505006      1 
17.3551        2 
19.205822      3 
21.602791      4 
23.702569      3 
25.505839      2 
27.759848      1 
29.612105      2 
32.46476       3 
35.088818      4 
37.419768      3 
39.458287      2 
41.831848      1 
42.975537      2 
44.103611      3 
46.380396      4 
48.982938      3 
51.280961      2 
53.78609       1 
55.642648      2 
57.499344      3 
58.650347      4 
61.516245      3 
64.097694      2 
66.746315      1 
69.425387      2 
71.578004      3 
74.204822      4 
75.364778      3 
78.253247      2 
81.057241      1 
83.78524       2 
86.045074      3 
87.51189       4 
89.007332      3 
90.226091      2 
92.19802       1 
93.221426      2 
95.640069      3 
98.016779      4 
99.861656      3 
101.43365      2 
102.58767      1 
104.44808      2 
107.20235      3 
108.37442      4 
110.61461      3 
112.56248      2 
113.90869      1 
115.77197      2 
116.9121       3 
119.47286      4 
122.10177      3 
124.44783      2 
125.99492      1 
127.18306      2 
128.96296      3 
130.21763      4 
131.24808      3 
134.15456      2 
136.90682      1 
139.62064      2 
141.86576      3 
143.33306      4 
144.79944      3 
146.00765      2 
147.98345      1 
149.8564       2 
152.61757      3 
154.79897      4 
156.72515      3 
158.39669      2 
160.60573      1 
161.6715       2 
164.3221       3 
166.99368      4 
169.40082      3 
171.55682      2 
173.01632      1 
175.70754      2 
177.75985      3 
178.91709      4 
181.82607      3 
184.48736      2 
186.19937      1 
188.90318      2 
190.17267      3 
192.05721      4 
193.48862      3 
194.67575      2 
196.64803      1 
199.50221      2 
201.40459      3 
203.62021      4 
205.59436      3 
207.32759      2 
208.57973      1 
210.45681      2 
213.32848      3 
216.10356      4 
218.64048      3 
220.93979      2 
222.47743      1 
224.35749      2 
225.83946      3 
228.09918      4 
229.21863      3 
232.10372      2 
234.92908      1 
236.81261      2 
237.98515      3 
240.00032      4 
241.72177      3 
243.2121       2 
244.34568      1 
246.22732      2 
249.02183      3 
251.63378      4 
253.97644      3 
256.09117      2 
257.5416       1 
258.72768      2 
260.47615      3 
261.68586      4 
264.08333      3 
266.84231      2 
268.61328      1 
269.76389      2 
271.92068      3 
274.30813      4 
275.94983      3 
277.36981      2 
278.47219      1 
281.35899      2 
284.23924      3 
286.77742      4 
289.09641      3 
291.19673      2 
293.6379       1 
296.34291      2 
297.53387      3 
298.76452      4 
299.77899      3 
302.57779      2 
304.37334      1 
307.12239      2 
308.38542      3 
310.42835      4 
312.15622      3 
313.6714       2 
314.82705      1 
315.86862      2 
318.80082      3 
321.61403      4 
324.073        3 
326.32218      2 
328.8421       1 
331.53755      2 
332.78185      3 
334.19673      4 
335.40422      3 
336.40482      2 
338.30388      1 
340.20146      2 
342.9556       3 
345.13335      4 
347.10658      3 
348.87575      2 
350.16465      1 
352.06046      2 
354.89051      3 
357.84815      4 
360.60407      3 
363.15874      2 
364.84096      1 
366.73988      2 
368.426        3 
369.70876      4 
371.58914      3 
372.946        2 
375.02561      1 
376.92838      2 
378.82665      3 
381.41995      4 
383.79122      3 
385.96674      2 
388.45686      1 
391.15863      2 
392.39741      3 
393.7944       4 
394.99787      3 
396.00829      2 
398.91697      1 
401.74426      2 
404.23058      3 
405.71376      4 
407.76549      3 
409.62681      2 
410.96899      1 
413.70931      2 
415.77316      3 
416.8772       4 
419.79302      3 
422.52104      2 
425.29107      1 
428.04016      2 
429.3208       3 
431.30196      4 
433.09746      3 
434.70776      2 
435.92576      1 
438.73406      2 
439.7623       3 
442.6957       4 
445.38631      3 
447.89424      2 
450.55686      1 
452.46612      2 
455.1692       3 
458.00139      4 
459.57008      3 
460.99081      2 
462.1148       1 
464.02241      2 
466.87998      3 
469.6006       4 
472.12674      3 
474.4752       2 
476.06696      1 
477.97707      2 
479.60219      3 
481.83686      4 
483.30303      3 
484.59396      2 
486.65216      1 
489.56475      2 
491.47778      3 
494.07178      4 
496.49255      3 
498.74049      2 
500.28472      1 
502.19704      2 
503.77605      3 
505.06015      4 
506.99765      3 
508.21693      2 
509.24238      1 
511.16201      2 
513.89225      3 
515.14279      4 
517.53891      3 
519.74368      2 
521.26877      1 
523.18335      2 
524.74648      3 
526.02884      4 
527.188        3 
528.89113      2 
529.91118      1 
531.83327      2 
534.56281      3 
537.18233      4 
539.56322      3 
541.78059      2 
543.31423      1 
545.23113      2 
546.81041      3 
548.09957      4 
550.04794      3 
551.29204      2 
552.33503      1 
555.2539       2 
557.16948      3 
559.79654      4 
562.23983      3 
564.52405      2 
566.09314      1 
568.0124       2 
569.63702      3 
571.88668      4 
573.38109      3 
574.71863      2 
576.80935      1 
578.73109      2 
581.65317      3 
584.36682      4 
586.9254       3 
589.32926      2 
590.95983      1 
592.88152      2 
594.5737       3 
596.81991      4 
598.45552      3 
599.93854      2 
