2.0307371      1 
4.8581175      2 
5.9554842      3 
8.0063642      4 
9.6932134      3 
11.038427      2 
13.040617      1 
15.87044       2 
18.588468      3 
20.303678      4 
21.952485      3 
23.264351      2 
26.252166      1 
29.071193      2 
31.416896      3 
32.828697      4 
34.467473      3 
35.77394       2 
38.761364      1 
40.595872      2 
43.312879      3 
45.032357      4 
46.688729      3 
48.01736       2 
49.018212      1 
51.857112      2 
53.643205      3 
55.850768      4 
57.551984      3 
58.929963      2 
60.957786      1 
63.796705      2 
65.636328      3 
67.728791      4 
69.501723      3 
70.955861      2 
72.026063      1 
74.866422      2 
77.639764      3 
79.826055      4 
81.697207      3 
83.253947      2 
85.375723      1 
88.218941      2 
91.032815      3 
93.755056      4 
95.501137      3 
97.186557      2 
98.379432      1 
100.22109      2 
102.95947      3 
105.47386      4 
107.61951      3 
109.45933      2 
110.73263      1 
112.57697      2 
115.39261      3 
118.0287       4 
120.34992      3 
122.36951      2 
123.73547      1 
125.58251      2 
126.69803      3 
129.66847      4 
132.19032      3 
134.4147       2 
135.88524      1 
137.73504      2 
139.03275      3 
140.06699      4 
142.98455      3 
145.43838      2 
147.02514      1 
149.69351      2 
151.72724      3 
153.01425      4 
156.01124      3 
158.71887      2 
161.42808      1 
163.28428      2 
165.14065      3 
166.6975       4 
167.96831      3 
170.95374      2 
173.80381      1 
175.66193      2 
177.52035      3 
179.37081      4 
180.93917      3 
182.22606      2 
184.22911      1 
186.09118      2 
187.91427      3 
190.21158      4 
192.10088      3 
193.71259      2 
194.88445      1 
195.91056      2 
198.7876       3 
201.523        4 
203.75632      3 
205.71587      2 
208.05928      1 
209.1962       2 
210.30953      3 
212.63244      4 
215.24923      3 
217.57932      2 
220.10962      1 
222.7886       2 
224.89315      3 
226.10919      4 
229.09853      3 
231.82157      2 
233.55488      1 
235.42195      2 
237.08038      3 
239.23946      4 
240.64017      3 
241.77823      2 
244.71609      1 
246.58539      2 
249.32355      3 
251.11893      4 
252.95284      3 
254.52772      2 
256.68622      1 
258.55706      2 
260.43177      3 
262.99833      4 
265.28698      3 
267.32016      2 
268.71604      1 
269.87953      2 
270.94391      3 
272.34211      4 
275.19881      3 
277.74105      2 
280.37151      1 
283.05836      2 
284.31787      3 
285.8285       4 
287.09006      3 
288.10312      2 
289.98792      1 
292.77457      2 
295.52933      3 
297.33573      4 
299.11487      3 
300.64893      2 
302.79398      1 
304.67176      2 
306.55276      3 
309.13332      4 
311.45042      3 
313.52581      2 
315.94305      1 
317.82275      2 
319.70261      3 
320.81671      4 
323.69186      3 
326.32863      2 
329.02784      1 
330.90939      2 
332.79108      3 
334.47976      4 
335.9328       3 
337.15072      2 
340.14236      1 
342.02525      2 
344.81222      3 
346.67078      4 
348.72123      3 
350.5398       2 
352.83368      1 
353.96068      2 
355.06604      3 
358.03877      4 
360.70592      3 
363.14438      2 
365.74937      1 
367.63571      2 
370.32988      3 
371.80976      4 
373.11262      3 
374.18993      2 
377.11589      1 
379.00367      2 
381.76003      3 
383.60388      4 
385.56121      3 
387.29608      2 
389.55283      1 
391.44197      2 
392.47239      3 
395.38428      4 
398.01456      3 
400.42545      2 
402.02753      1 
404.7187       2 
406.80332      3 
408.34167      4 
409.66315      3 
410.76826      2 
413.71272      1 
416.55601      2 
419.04752      3 
421.52833      4 
423.1673       3 
424.98456      2 
426.29302      1 
428.18418      2 
429.3597       3 
431.96182      4 
434.72217      3 
437.26929      2 
438.94323      1 
440.12852      2 
442.16043      3 
444.58568      4 
446.0877       3 
447.38214      2 
448.42725      1 
451.32329      2 
453.21091      3 
455.72527      4 
457.98897      3 
460.04795      2 
462.47542      1 
464.37353      2 
466.27176      3 
467.51654      4 
468.55894      3 
471.39943      2 
473.22226      1 
475.12175      2 
476.91735      3 
479.18684      4 
481.02473      3 
482.66349      2 
484.88382      1 
486.78454      2 
488.68553      3 
491.53232      4 
494.18226      3 
496.63579      2 
498.27037      1 
499.46633      2 
501.46686      3 
503.91522      4 
505.39352      3 
506.67813      2 
508.72393      1 
511.62734      2 
514.48651      3 
516.38872      4 
518.7115       3 
520.84325      2 
523.31387      1 
525.21883      2 
527.12388      3 
528.49587      4 
529.67901      3 
532.67374      2 
535.57689      1 
538.40235      2 
540.88959      3 
542.37788      4 
544.43704      3 
546.31038      2 
548.65457      1 
549.82066      2 
551.06697      3 
552.16212      4 
554.29007      3 
557.0598       2 
558.85579      1 
561.61788      2 
563.66984      3 
565.70835      4 
567.56569      3 
569.24227      2 
570.49613      1 
572.40361      2 
573.54126      3 
576.21067      4 
578.99323      3 
581.59404      2 
584.30525      1 
586.21671      2 
588.92634      3 
590.67         4 
592.38563      3 
593.92544      2 
596.10793      1 
598.02024      2 
599.93283      3 
602.77343      4 
605.44022      3 
607.93362      2 
