2.0214966      1 
3.8451773      2 
5.6088531      3 
7.7688712      4 
9.3639845      3 
10.599242      2 
12.538573      1 
14.361153      2 
16.084421      3 
18.196361      4 
19.644736      3 
20.738201      2 
22.610351      1 
24.434767      2 
26.114881      3 
27.33127       4 
29.001968      3 
31.983079      2 
33.802382      1 
35.628743      2 
37.270449      3 
39.362228      4 
40.605239      3 
43.503029      2 
46.279416      1 
48.107823      2 
49.936475      3 
51.461317      4 
52.644897      3 
55.488001      2 
57.244031      1 
59.07458       2 
60.668436      3 
61.876638      4 
63.593852      3 
66.41051       2 
68.155803      1 
70.838208      2 
72.817462      3 
74.298654      4 
75.447899      3 
78.265964      2 
81.009503      1 
83.69449       2 
84.931393      3 
86.432346      4 
87.605917      3 
90.452858      2 
92.217591      1 
94.055061      2 
95.673492      3 
96.894063      4 
97.967272      3 
100.89376      2 
102.68826      1 
104.5282       2 
106.17888      3 
108.29327      4 
109.59658      3 
112.58218      2 
114.41956      1 
115.5298       2 
117.62768      3 
119.95964      4 
121.36762      3 
122.46226      2 
125.35304      1 
128.11405      2 
130.40099      3 
131.85122      4 
133.38993      3 
134.6196       2 
137.58016      1 
140.39147      2 
142.75239      3 
145.16272      4 
146.66908      3 
148.05942      2 
149.10397      1 
150.96197      2 
153.48858      3 
155.90132      4 
157.7782       3 
159.35449      2 
160.49657      1 
163.34322      2 
166.18434      3 
168.56513      4 
170.64876      3 
172.43593      2 
173.68731      1 
174.76517      2 
176.40681      3 
179.08411      4 
181.51963      3 
183.54226      2 
185.90791      1 
187.0484       2 
188.16533      3 
191.12165      4 
193.69238      3 
195.97473      2 
198.47206      1 
199.65054      2 
200.936        3 
202.01281      4 
204.93517      3 
207.50116      2 
209.14795      1 
211.00543      2 
213.68186      3 
215.11675      4 
216.27048      3 
219.14371      2 
220.94406      1 
223.66968      2 
225.6615       3 
227.41917      4 
228.89954      3 
230.10327      2 
233.06703      1 
234.9293       2 
236.04913      3 
238.17689      4 
240.00691      3 
241.56409      2 
243.70683      1 
244.71267      2 
247.69353      3 
250.16559      4 
252.36794      3 
254.30119      2 
256.6338       1 
257.76731      2 
260.33141      3 
263.19446      4 
265.79151      3 
268.12315      2 
269.66309      1 
271.52933      2 
272.97444      3 
275.2407       4 
276.2545       3 
279.00656      2 
281.75173      1 
283.62166      2 
285.49177      3 
287.20285      4 
288.65517      3 
289.84935      2 
291.81829      1 
294.66299      2 
297.42733      3 
299.25744      4 
301.16975      3 
302.82746      2 
305.0296       1 
306.0904       2 
308.74079      3 
311.40132      4 
313.79478      3 
315.93714      2 
317.38984      1 
319.26272      2 
320.60799      3 
321.71899      4 
324.67814      3 
327.32598      2 
330.0261       1 
332.72837      2 
334.95454      3 
337.53125      4 
338.90645      3 
340.08031      2 
342.04609      1 
343.92581      2 
345.76215      3 
348.0915       4 
350.05253      3 
351.77267      2 
354.01287      1 
355.10513      2 
356.10584      3 
358.59714      4 
361.1629       3 
363.4493       2 
364.98053      1 
367.66536      2 
369.73777      3 
371.07931      4 
372.18599      3 
375.05836      2 
377.87736      1 
379.76091      2 
382.46969      3 
385.25072      4 
386.8914       3 
388.36917      2 
390.49303      1 
392.37777      2 
394.26445      3 
396.84626      4 
399.17652      3 
401.27886      2 
402.72311      1 
404.60754      2 
405.97707      3 
407.12319      4 
410.11078      3 
412.85659      2 
415.61707      1 
417.50539      2 
419.39387      3 
421.24571      4 
422.87534      3 
424.28327      2 
426.37686      1 
429.26628      2 
432.13995      3 
434.92821      4 
436.8138       3 
438.90224      2 
441.33749      1 
443.22868      2 
445.12         3 
446.33887      4 
447.3416       3 
450.12868      2 
452.91436      1 
454.80721      2 
457.51599      3 
459.26547      4 
460.98176      3 
462.48538      2 
464.63136      1 
466.52529      2 
468.42255      3 
471.09108      4 
473.53863      3 
475.77641      2 
478.29065      1 
480.98652      2 
483.14303      3 
484.47263      4 
485.66886      3 
488.65822      2 
491.54946      1 
493.44659      2 
495.34401      3 
497.51063      4 
499.47274      3 
501.23083      2 
502.51414      1 
504.40995      2 
505.5576       3 
508.1914       4 
510.94139      3 
513.48513      2 
515.16196      1 
516.348        2 
518.40015      3 
519.82491      4 
521.03283      3 
522.75294      2 
524.82716      1 
527.72817      2 
530.60658      3 
532.49891      4 
534.85952      3 
537.02441      2 
539.50923      1 
541.41187      2 
544.13681      3 
545.50154      4 
546.69451      3 
549.69443      2 
552.59787      1 
555.42143      2 
557.90167      3 
560.40819      4 
563.02749      3 
564.73675      2 
567.06749      1 
568.97264      2 
570.87796      3 
571.97176      4 
574.87734      3 
577.59516      2 
579.36453      1 
580.52006      2 
582.74115      3 
585.15156      4 
586.93699      3 
588.53722      2 
590.74525      1 
592.6529       2 
594.56083      3 
597.42455      4 
600.10521      3 
602.60322      2 
