2.0191863      1 
4.8350973      2 
5.9425763      3 
7.9105167      4 
9.482696       3 
10.690464      2 
12.61408       1 
15.374567      2 
17.250246      3 
19.008746      4 
20.407013      3 
21.445878      2 
24.28574       1 
26.998516      2 
29.182425      3 
31.665715      4 
34.472464      3 
37.346982      2 
39.124062      1 
41.810735      2 
43.036502      3 
44.760972      4 
45.900643      3 
48.690723      2 
50.416114      1 
53.087405      2 
55.063789      3 
56.463542      4 
57.517712      3 
60.227097      2 
62.909552      1 
64.072055      2 
65.469045      3 
66.60213       4 
68.226394      3 
70.883802      2 
72.548292      1 
74.378305      2 
77.042498      3 
78.347415      4 
81.316184      3 
83.94958       2 
85.604557      1 
87.436814      2 
88.927757      3 
91.096117      4 
94.064203      3 
96.701524      2 
99.354972      1 
101.19057      2 
103.02632      3 
104.34819      4 
107.34309      3 
110.01178      2 
112.68315      1 
114.52102      2 
117.1885       3 
118.527        4 
119.57584      3 
122.30294      2 
125.00574      1 
126.84584      2 
129.5108       3 
130.91185      4 
132.04137      3 
134.85357      2 
137.6011       1 
140.29252      2 
142.46675      3 
145.01982      4 
147.87251      3 
150.77793      2 
152.58715      1 
155.30395      2 
157.27248      3 
158.9515       4 
160.32117      3 
161.38218      2 
164.25846      1 
166.10497      2 
168.79327      3 
170.45546      4 
171.98386      3 
173.20786      2 
175.16879      1 
177.01887      2 
178.80404      3 
181.01662      4 
182.72907      3 
184.1413       2 
186.1978       1 
189.04812      2 
190.89915      3 
193.11739      4 
195.03885      3 
196.66421      2 
198.82947      1 
201.66712      2 
203.53517      3 
205.98295      4 
208.13804      3 
210.00109      2 
211.29308      1 
212.39765      2 
215.39171      3 
216.91157      4 
219.35083      3 
221.4758       2 
222.90139      1 
224.75564      2 
225.99822      3 
228.46206      4 
231.15899      3 
233.56977      2 
236.13336      1 
237.31812      2 
239.78026      3 
241.06135      4 
242.06164      3 
244.78178      2 
247.50183      1 
250.19825      2 
252.39904      3 
253.818        4 
255.14704      3 
256.19979      2 
258.09046      1 
260.86869      2 
262.81362      3 
264.76752      4 
266.44829      3 
267.85656      2 
268.92692      1 
271.79002      2 
273.64168      3 
276.03878      4 
278.09392      3 
279.88031      2 
282.13972      1 
284.0058       2 
285.87327      3 
288.5918       4 
291.04367      3 
293.23048      2 
295.69171      1 
296.86986      2 
299.35684      3 
300.48949      4 
303.36011      3 
305.96932      2 
307.64882      1 
310.33918      2 
312.3836       3 
313.95314      4 
315.26425      3 
316.31754      2 
319.21534      1 
322.00574      2 
323.20582      3 
325.23373      4 
327.00677      3 
328.52553      2 
330.65832      1 
332.53152      2 
335.40524      3 
337.91272      4 
340.16882      3 
342.17414      2 
344.55188      1 
346.42702      2 
347.52329      3 
348.52597      4 
350.10788      3 
352.63671      2 
355.26947      1 
357.14655      2 
359.83391      3 
361.31075      4 
362.59525      3 
363.63582      2 
365.53636      1 
367.41571      2 
370.14747      3 
372.21787      4 
374.04713      3 
375.6358       2 
376.81474      1 
377.8629       2 
379.59239      3 
382.2919       4 
384.79012      3 
386.94686      2 
389.40692      1 
390.5923       2 
391.90327      3 
394.04875      4 
397.02726      3 
399.77175      2 
401.53152      1 
404.25737      2 
406.29458      3 
408.10837      4 
409.69082      3 
411.04247      2 
412.10511      1 
414.989        2 
417.82924      3 
420.26298      4 
422.46856      3 
424.44651      2 
425.82863      1 
426.9961       2 
428.70004      3 
429.78694      4 
432.761        3 
435.38414      2 
438.08346      1 
439.26038      2 
441.80155      3 
443.53184      4 
445.04019      3 
446.32714      2 
448.36025      1 
450.25343      2 
453.0801       3 
455.48646      4 
457.67395      3 
459.64306      2 
461.02538      1 
462.91431      2 
464.20521      3 
466.67135      4 
469.55612      3 
472.22551      2 
473.95743      1 
475.84967      2 
477.56374      3 
479.76941      4 
481.36936      3 
482.75691      2 
484.84492      1 
486.74076      2 
488.63222      3 
491.20351      4 
493.53631      3 
495.65962      2 
497.12354      1 
499.01725      2 
500.44303      3 
501.63943      4 
503.70032      3 
506.57677      2 
509.41164      1 
512.18571      2 
514.57313      3 
516.10242      4 
517.95293      3 
519.59967      2 
521.82168      1 
524.62634      2 
526.61918      3 
529.43759      4 
532.07248      3 
534.5064       2 
536.129        1 
537.32605      2 
539.30264      3 
541.75906      4 
543.19504      3 
544.43281      2 
546.45288      1 
549.35408      2 
550.41887      3 
552.87219      4 
555.12574      3 
557.1838       2 
559.61542      1 
561.51813      2 
563.42095      3 
564.70156      4 
565.78893      3 
568.6835       2 
571.53433      1 
573.43851      2 
575.34291      3 
577.47072      4 
579.40793      3 
581.155        2 
582.43974      1 
584.34255      2 
587.17181      3 
590.16265      4 
592.96553      3 
595.58086      2 
597.29981      1 
600.02729      2 
602.10852      3 
603.97803      4 
605.66215      3 
607.16131      2 
