1.0340626      1 
3.8646035      2 
6.5992918      3 
8.6469338      4 
10.356717      3 
11.72942       2 
12.748247      1 
15.581753      2 
17.36845       3 
19.575266      4 
21.27418       3 
22.640647      2 
24.658092      1 
27.492448      2 
30.224434      3 
31.963924      4 
33.679608      3 
35.067414      2 
37.097843      1 
39.934444      2 
42.676751      3 
44.430373      4 
46.190085      3 
47.626427      2 
49.683433      1 
52.52223       2 
53.598851      3 
55.760855      4 
57.59148       3 
59.103178      2 
60.202861      1 
62.050585      2 
64.639614      3 
67.05832       4 
68.986372      3 
70.599881      2 
72.750002      1 
74.594241      2 
77.43227       3 
79.794835      4 
81.846464      3 
83.587873      2 
85.80412       1 
86.853038      2 
89.431787      3 
91.97787       4 
94.178866      3 
96.073906      2 
98.369061      1 
100.21666      2 
103.21533      3 
105.77491      4 
108.15071      3 
110.22475      2 
112.61141      1 
114.46121      2 
115.52763      3 
118.44553      4 
121.02122      3 
123.29931      2 
124.79658      1 
125.97253      2 
127.65403      3 
128.75517      4 
131.70966      3 
134.21647      2 
136.8233       1 
138.6774       2 
140.53163      3 
141.87113      4 
142.92049      3 
145.68036      2 
148.41561      1 
150.27176      2 
151.45476      3 
153.22033      4 
154.54278      3 
155.57974      2 
157.45815      1 
159.31684      2 
162.01625      3 
163.91777      4 
165.53706      3 
166.87477      2 
168.90325      1 
170.76754      2 
173.54295      3 
175.76083      4 
177.70037      3 
179.36219      2 
181.55487      1 
183.41643      2 
185.28336      3 
187.85819      4 
190.14106      3 
192.15004      2 
194.51808      1 
196.38172      2 
197.45556      3 
199.12272      4 
201.77648      3 
204.15533      2 
206.70992      1 
208.57561      2 
210.44143      3 
211.74598      4 
212.78351      3 
215.55463      2 
217.3116       1 
220.02411      2 
222.78352      3 
224.41368      4 
225.86191      3 
227.0474       2 
230.00896      1 
231.87816      2 
234.62814      3 
236.43749      4 
238.31828      3 
239.93993      2 
241.12622      1 
242.99379      2 
245.79752      3 
248.41769      4 
250.75258      3 
252.83188      2 
255.24417      1 
257.11697      2 
258.98994      3 
260.05281      4 
262.86304      3 
265.4212       2 
268.07433      1 
270.76462      2 
272.02904      3 
273.58474      4 
274.89127      3 
275.9492       2 
277.85598      1 
279.73309      2 
281.53677      3 
283.79795      4 
285.62144      3 
287.19975      2 
289.36689      1 
292.20724      2 
294.1234       3 
296.72662      4 
299.08747      3 
301.2065       2 
303.64548      1 
306.34595      2 
308.43091      3 
311.22412      4 
314.12552      3 
316.80533      2 
319.52599      1 
321.4075       2 
324.09637      3 
325.72128      4 
327.21686      3 
328.47723      2 
330.49012      1 
332.37567      2 
335.1771       3 
337.50204      4 
339.59445      3 
341.45489      2 
342.77576      1 
344.65762      2 
347.47189      3 
350.40975      4 
353.11829      3 
355.59804      2 
358.2236       1 
360.1099       2 
361.9963       3 
363.56615      4 
364.90983      3 
366.02787      2 
367.97538      1 
369.86411      2 
371.70707      3 
374.05272      4 
376.0503       3 
377.82534      2 
379.10789      1 
380.23277      2 
381.27001      3 
384.2057       4 
386.97793      3 
389.42844      2 
391.0501       1 
392.93964      2 
394.54372      3 
395.80989      4 
396.94024      3 
398.53741      2 
401.50141      1 
403.39365      2 
406.1774       3 
408.05004      4 
410.11932      3 
411.97511      2 
413.30293      1 
415.19411      2 
416.40337      3 
417.41022      4 
420.36577      3 
422.95089      2 
424.64357      1 
427.35467      2 
430.14391      3 
431.81948      4 
433.35906      3 
434.69098      2 
435.75534      1 
438.65054      2 
441.51226      3 
444.01829      4 
446.31904      3 
448.41498      2 
449.86756      1 
451.76356      2 
453.18075      3 
454.37484      4 
456.45286      3 
459.32981      2 
461.17053      1 
463.0701       2 
465.80128      3 
467.87489      4 
469.74882      3 
471.42353      2 
473.66179      1 
476.45656      2 
478.46451      3 
481.4621       4 
484.11507      3 
486.60407      2 
488.25616      1 
490.15727      2 
491.82053      3 
493.10553      4 
494.24798      3 
495.86675      2 
497.93003      1 
499.8359       2 
501.73397      3 
504.31283      4 
506.67018      3 
508.83642      2 
511.32422      1 
513.22916      2 
514.4103       3 
516.15605      4 
517.37328      3 
518.40203      2 
521.32218      1 
523.22842      2 
525.13497      3 
527.41409      4 
529.50688      3 
531.41377      2 
532.78112      1 
533.9567       2 
535.70996      3 
536.89579      4 
539.40612      3 
542.20734      2 
545.01581      1 
546.92473      2 
549.65611      3 
551.48702      4 
553.37707      3 
555.08629      2 
557.35098      1 
558.48052      2 
559.62431      3 
562.07969      4 
564.89164      3 
567.52464      2 
569.25682      1 
571.16736      2 
572.92142      3 
575.16977      4 
576.91721      3 
578.48876      2 
580.68709      1 
582.59937      2 
584.51192      3 
587.38397      4 
590.08214      3 
592.60685      2 
594.28795      1 
596.20061      2 
598.90572      3 
600.74053      4 
602.40386      3 
603.8961       2 
