2.0099439      1 
4.8166834      2 
6.6241799      3 
8.4881388      4 
9.9685822      3 
11.066394      2 
13.924154      1 
15.733881      2 
18.384745      3 
19.869127      4 
21.066962      3 
23.887425      2 
25.614132      1 
28.275751      2 
29.48821       3 
31.143268      4 
34.08987       3 
36.664285      2 
39.26568       1 
41.913648      2 
43.950607      3 
46.677729      4 
49.392434      3 
51.751673      2 
53.254847      1 
54.4143        2 
55.992936      3 
58.674587      4 
59.734077      3 
61.915848      2 
64.322645      1 
66.142469      2 
67.178837      3 
68.820271      4 
71.226907      3 
73.246714      2 
75.578732      1 
78.297765      2 
81.272942      3 
84.053459      4 
86.699474      3 
88.391648      2 
90.66362       1 
92.48819       2 
94.321069      3 
96.833165      4 
98.97931       3 
100.77815      2 
103.00462      1 
104.04643      2 
106.57742      3 
109.05349      4 
111.12779      3 
112.85956      2 
114.05955      1 
115.08065      2 
116.7607       3 
119.2574       4 
120.5941       3 
122.46068      2 
124.639        1 
125.64728      2 
128.61782      3 
130.96742      4 
132.98307      3 
134.66554      2 
136.84086      1 
138.67476      2 
141.50931      3 
143.86673      4 
145.8948       3 
147.59427      2 
148.78489      1 
150.61711      2 
153.32688      3 
155.80071      4 
157.86851      3 
159.61223      2 
160.82764      1 
162.66233      2 
165.40222      3 
167.91431      4 
170.04879      3 
171.86364      2 
174.11191      1 
175.95264      2 
177.80029      3 
180.35844      4 
182.58617      3 
184.49866      2 
185.8039       1 
187.6437       2 
190.47279      3 
193.13601      4 
195.4832       3 
197.51948      2 
198.88918      1 
200.02551      2 
201.61038      3 
204.35725      4 
206.89091      3 
209.07677      2 
210.52353      1 
213.20527      2 
214.32394      3 
216.06442      4 
218.72979      3 
221.09067      2 
223.6202       1 
224.79909      2 
227.25283      3 
228.411        4 
231.27023      3 
233.8312       2 
235.46866      1 
238.13942      2 
240.93449      3 
242.28993      4 
243.36989      3 
246.1557       2 
247.90626      1 
249.75968      2 
252.42972      3 
254.04566      4 
255.37082      3 
256.40585      2 
259.27839      1 
261.13413      2 
263.83073      3 
265.52477      4 
267.11923      3 
268.42757      2 
270.43904      1 
273.29647      2 
276.05788      3 
277.85942      4 
279.74698      3 
281.35235      2 
283.51454      1 
284.53283      2 
287.1432       3 
289.68033      4 
291.88445      3 
293.81025      2 
296.13455      1 
297.26097      2 
298.33848      3 
301.29066      4 
303.83447      3 
306.10379      2 
308.60152      1 
310.465        2 
313.18498      3 
314.35543      4 
317.26176      3 
319.89737      2 
322.57988      1 
324.44536      2 
326.31097      3 
327.86993      4 
329.16128      3 
330.18563      2 
333.06436      1 
335.83845      2 
338.18094      3 
339.66445      4 
341.36302      3 
342.79826      2 
343.88718      1 
345.75985      2 
348.43002      3 
350.93069      4 
353.05837      3 
354.92634      2 
357.23103      1 
359.10166      2 
361.93445      3 
364.76212      4 
367.34051      3 
369.66275      2 
372.19605      1 
374.06868      2 
376.77584      3 
378.06225      4 
379.11263      3 
381.91039      2 
383.68728      1 
384.83224      2 
386.94842      3 
388.34473      4 
390.30009      3 
391.59432      2 
393.61722      1 
395.4967       2 
398.29377      3 
400.59715      4 
402.65423      3 
404.4656       2 
405.75482      1 
406.87482      2 
407.90095      3 
409.43013      4 
412.2179       3 
414.64743      2 
417.2009       1 
419.08041      2 
420.25791      3 
421.33361      4 
422.77011      3 
425.67662      2 
427.51371      1 
429.395        2 
431.16465      3 
432.4115       4 
433.51132      3 
435.12057      2 
437.2452       1 
439.12764      2 
442.01058      3 
444.55703      4 
446.87046      3 
448.95141      2 
450.38269      1 
451.56318      2 
453.29066      3 
455.97793      4 
458.90444      3 
461.60167      2 
464.33562      1 
467.05491      2 
469.32706      3 
470.82755      4 
472.38621      3 
473.71874      2 
475.77233      1 
477.66347      2 
479.53898      3 
482.02308      4 
484.23269      3 
486.21927      2 
487.60801      1 
490.32472      2 
492.37955      3 
493.47912      4 
496.35822      3 
499.01735      2 
500.74194      1 
503.45973      2 
506.23896      3 
507.93637      4 
509.50325      3 
510.85318      2 
511.92205      1 
514.8125       2 
517.66961      3 
520.15675      4 
522.42944      3 
524.48817      2 
526.91091      1 
528.09431      2 
529.39497      3 
530.51945      4 
533.51754      3 
536.30281      2 
538.09398      1 
539.98876      2 
542.69898      3 
544.64502      4 
546.38245      3 
547.91176      2 
550.07288      1 
551.96909      2 
554.86567      3 
557.56729      4 
560.06317      3 
562.35379      2 
564.89664      1 
567.59227      2 
568.8503       3 
570.3246       4 
571.59599      3 
572.66494      2 
575.59826      1 
578.43952      2 
580.94027      3 
583.43528      4 
586.02886      3 
587.73571      2 
590.06838      1 
591.96892      2 
593.86964      3 
594.93968      4 
597.81235      3 
600.48811      2 
603.22748      1 
605.12967      2 
607.03198      3 
608.92462      4 
610.6226       3 
612.12638      2 
