1.0126428      1 
2.8343436      2 
3.9399325      3 
6.000507       4 
7.3250755      3 
9.0830164      2 
11.956809      1 
13.76878       2 
16.424122      3 
17.939777      4 
19.187721      3 
22.062784      2 
23.818632      1 
25.633142      2 
27.18795       3 
29.283381      4 
30.30689       3 
32.962645      2 
34.612698      1 
36.428833      2 
37.869794      3 
40.05027       4 
42.879919      3 
45.346869      2 
47.899332      1 
50.551647      2 
52.576006      3 
53.597686      4 
56.263629      3 
58.571857      2 
61.047563      1 
63.713         2 
65.707747      3 
68.46522       4 
70.997196      3 
73.176374      2 
75.590097      1 
76.730454      2 
77.825274      3 
80.036504      4 
82.503893      3 
84.583282      2 
85.956064      1 
87.779845      2 
88.819839      3 
91.34912       4 
93.776662      3 
95.785124      2 
98.118394      1 
99.227492      2 
101.77268      3 
104.41858      4 
106.72303      3 
108.68903      2 
110.00956      1 
111.11328      2 
114.08318      3 
116.81827      4 
119.10368      3 
121.05529      2 
123.36483      1 
125.19858      2 
127.036        3 
129.66372      4 
131.95783      3 
133.92274      2 
136.24121      1 
138.07725      2 
140.91365      3 
143.56928      4 
145.89947      3 
147.90498      2 
149.25231      1 
151.08762      2 
152.12362      3 
154.68365      4 
157.14406      3 
159.21711      2 
160.60058      1 
162.43839      2 
163.55124      3 
166.06929      4 
168.59046      3 
170.7576       2 
172.19041      1 
174.03077      2 
175.23752      3 
177.69653      4 
180.30769      3 
182.59512      2 
184.09015      1 
185.93311      2 
188.6555       3 
189.70416      4 
192.44492      3 
194.87847      2 
197.44191      1 
200.10901      2 
202.19304      3 
203.37154      4 
206.27968      3 
208.88484      2 
210.54184      1 
213.21393      2 
214.44939      3 
216.19792      4 
217.29864      3 
220.10054      2 
222.85214      1 
224.70363      2 
227.37454      3 
228.904        4 
230.22213      3 
231.24555      2 
233.1128       1 
234.20829      2 
236.40066      3 
238.73727      4 
240.29731      3 
241.5667       2 
243.55661      1 
246.40309      2 
249.1516       3 
250.93942      4 
252.76555      3 
254.30501      2 
256.432        1 
258.29124      2 
261.13514      3 
263.53455      4 
265.65059      3 
267.48391      2 
269.75981      1 
272.52107      2 
275.5153       3 
277.34295      4 
279.7724       3 
281.92302      2 
283.36602      1 
286.0549       2 
287.19393      3 
288.20983      4 
291.05931      3 
293.55036      2 
295.16467      1 
297.02661      2 
299.70986      3 
301.10723      4 
302.23274      3 
305.08703      2 
306.88262      1 
308.74771      2 
311.43203      3 
313.20767      4 
314.71519      3 
315.95522      2 
318.94175      1 
321.7943       2 
324.2523       3 
325.66569      4 
327.57746      3 
329.22541      2 
330.42271      1 
332.28795      2 
335.09506      3 
337.71996      4 
340.05791      3 
342.13567      2 
343.55153      1 
344.71981      2 
346.39715      3 
347.44871      4 
350.0283       3 
352.58272      2 
355.21909      1 
356.40441      2 
358.89614      3 
360.40472      4 
361.65963      3 
362.66146      2 
365.53586      1 
367.41002      2 
369.28448      3 
371.27977      4 
373.02487      3 
374.52036      2 
376.64384      1 
378.51949      2 
381.39465      3 
383.89743      4 
386.15347      3 
388.16333      2 
390.54562      1 
391.70698      2 
394.23801      3 
395.26881      4 
398.05625      3 
400.6009       2 
402.25767      1 
404.13585      2 
406.82013      3 
408.39917      4 
409.73821      3 
410.83779      2 
412.76948      1 
414.65129      2 
417.40093      3 
419.54818      4 
421.45871      3 
423.13308      2 
424.3578       1 
425.44172      2 
427.12371      3 
429.90372      4 
432.46254      3 
434.73128      2 
437.24943      1 
439.93905      2 
442.07432      3 
443.358        4 
444.47017      3 
447.35261      2 
450.17895      1 
452.06478      2 
454.77802      3 
456.54079      4 
458.28254      3 
459.79774      2 
461.94259      1 
463.8296       2 
466.82703      3 
469.41754      4 
471.80773      3 
473.97447      2 
476.44642      1 
479.14421      2 
480.35156      3 
481.62964      4 
482.68684      3 
485.52366      2 
487.33561      1 
490.0911       2 
491.3461       3 
493.39877      4 
495.1413       3 
496.66648      2 
497.82487      1 
498.86663      2 
501.79648      3 
504.60482      4 
507.05074      3 
509.2823       2 
511.79114      1 
513.68453      2 
516.40121      3 
517.75772      4 
518.92486      3 
521.88059      2 
524.75274      1 
527.54707      2 
529.96473      3 
532.46362      4 
535.12059      3 
536.73433      2 
537.98472      1 
539.87817      2 
540.95487      3 
543.63248      4 
546.31176      3 
548.76819      2 
551.39364      1 
553.29145      2 
555.18935      3 
556.82794      4 
558.26323      3 
559.49571      2 
561.51082      1 
563.41221      2 
565.29488      3 
567.77841      4 
570.00379      3 
572.02915      2 
573.44882      1 
576.16075      2 
577.34781      3 
578.42875      4 
580.05161      3 
582.88644      2 
585.70514      1 
587.60712      2 
590.33465      3 
592.14952      4 
594.00475      3 
595.6654       2 
597.89896      1 
599.80196      2 
602.67084      3 
605.55256      4 
608.24708      3 
610.7497       2 
