2.0168758      1 
4.8304936      2 
5.9398043      3 
7.891402       4 
9.4406473      3 
10.620926      2 
13.526792      1 
15.343243      2 
17.160162      3 
18.873057      4 
20.221217      3 
23.205481      2 
25.01953       1 
26.838996      2 
29.489803      3 
31.026851      4 
32.204178      3 
35.02261       2 
37.752516      1 
39.574136      2 
40.741675      3 
42.358781      4 
43.395111      3 
46.077481      2 
47.747509      1 
50.404917      2 
52.390167      3 
53.66483       4 
56.589592      3 
59.165258      2 
61.778781      1 
62.949147      2 
65.374241      3 
66.561549      4 
69.403764      3 
71.901682      2 
73.485112      1 
76.138631      2 
78.136571      3 
79.265213      4 
82.053505      3 
84.502233      2 
86.063581      1 
87.893018      2 
89.257633      3 
91.53935       4 
94.30195       3 
96.729652      2 
99.27637       1 
101.93672      2 
103.10626      3 
104.20207      4 
106.96682      3 
109.40128      2 
111.95366      1 
113.12785      2 
114.41896      3 
115.48319      4 
118.37195      3 
120.84055      2 
123.41224      1 
126.07389      2 
127.26396      3 
128.43703      4 
131.28808      3 
133.81785      2 
136.42232      1 
137.59858      2 
138.9516       3 
140.96073      4 
143.89518      3 
146.51277      2 
149.1633       1 
151.83217      2 
153.95057      3 
155.22976      4 
156.27396      3 
159.00565      2 
161.71533      1 
163.56003      2 
165.40489      3 
166.89373      4 
168.07366      3 
170.94537      2 
172.73136      1 
174.5781       2 
176.23669      3 
177.47117      4 
179.20572      3 
180.24302      2 
183.10977      1 
184.95861      2 
186.8078       3 
188.63618      4 
190.16407      3 
191.39217      2 
194.35656      1 
196.20731      2 
198.05859      3 
200.09438      4 
201.83382      3 
203.27758      2 
205.35214      1 
208.20471      2 
210.05798      3 
212.32583      4 
214.30139      3 
215.98534      2 
218.18214      1 
220.03677      2 
221.8971       3 
224.44229      4 
226.67822      3 
228.62655      2 
229.96372      1 
231.81765      2 
232.90623      3 
235.479        4 
238.03461      3 
240.27117      2 
242.74798      1 
245.43071      2 
246.5944       3 
247.70287      4 
250.53094      3 
253.07926      2 
255.71367      1 
258.39229      2 
260.54202      3 
261.87694      4 
263.03613      3 
265.91941      2 
267.72697      1 
268.85568      2 
270.98016      3 
272.36307      4 
274.28989      3 
275.53102      2 
278.5158       1 
280.38028      2 
282.2453       3 
284.40422      4 
286.29415      3 
287.9157       2 
289.09726      1 
290.1354       2 
293.03178      3 
295.78302      4 
298.07194      3 
300.09617      2 
302.47642      1 
304.34466      2 
305.43298      3 
308.41398      4 
311.12389      3 
313.57276      2 
316.16684      1 
317.35569      2 
318.76842      3 
319.94027      4 
321.67712      3 
324.57227      2 
326.39473      1 
328.26682      2 
330.96342      3 
332.83465      4 
334.45137      3 
335.81417      2 
336.87068      1 
338.7507       2 
341.38408      3 
343.87618      4 
345.97811      3 
347.82962      2 
350.1307       1 
352.00594      2 
353.04898      3 
355.9609       4 
358.56887      3 
360.92985      2 
362.49349      1 
363.68591      2 
365.51364      3 
368.04039      4 
369.17493      3 
372.06588      2 
374.88954      1 
377.64221      2 
378.88868      3 
380.81085      4 
382.49221      3 
383.93332      2 
385.03706      1 
386.91741      2 
389.65477      3 
392.21206      4 
394.46021      3 
396.47142      2 
398.85899      1 
400.02501      2 
401.25245      3 
402.30038      4 
404.40173      3 
407.01659      2 
409.70025      1 
412.40308      2 
414.63474      3 
416.09875      4 
417.53932      3 
418.74941      2 
421.73945      1 
423.62465      2 
426.41409      3 
428.27769      4 
430.34334      3 
432.18168      2 
433.49376      1 
435.37794      2 
436.5342       3 
439.1337       4 
441.85029      3 
444.33573      2 
445.97239      1 
448.66651      2 
450.74372      3 
452.33758      4 
453.70983      3 
454.86097      2 
456.82693      1 
459.68699      2 
462.47565      3 
465.24811      4 
467.09748      3 
468.93265      2 
471.24171      1 
472.38127      2 
473.53131      3 
476.52171      4 
479.27408      3 
481.81138      2 
483.4782       1 
484.66442      2 
486.67813      3 
488.0888       4 
490.11118      3 
491.36844      2 
492.39204      1 
495.28678      2 
497.16635      3 
499.63929      4 
501.84331      3 
503.83813      2 
505.23793      1 
507.95375      2 
509.11861      3 
510.9424       4 
513.89845      3 
516.64818      2 
519.41983      1 
521.31733      2 
523.21499      3 
525.14418      4 
526.86942      3 
528.39118      2 
530.55083      1 
531.60045      2 
534.59146      3 
537.30395      4 
539.81529      3 
542.12595      2 
544.68108      1 
545.88413      2 
548.39562      3 
549.90814      4 
551.22227      3 
552.33847      2 
554.29864      1 
556.2011       2 
558.07047      3 
560.48941      4 
562.62278      3 
564.56095      2 
566.93283      1 
568.83562      2 
570.73856      3 
571.90038      4 
574.86922      3 
577.64554      2 
580.43736      1 
582.34172      2 
583.52424      3 
584.58556      4 
586.44126      3 
588.07171      2 
590.2925       1 
592.19783      2 
594.10342      3 
596.97871      4 
599.6663       3 
602.16661      2 
