1.0031077      1 
3.8054508      2 
5.5303029      3 
7.6188957      4 
9.0305372      3 
10.045881      2 
11.859316      1 
13.662762      2 
16.30248       3 
17.741745      4 
18.789257      3 
21.445918      2 
24.079086      1 
25.884792      2 
28.553287      3 
29.650043      4 
32.36592       3 
34.696318      2 
36.175959      1 
37.325956      2 
38.858911      3 
41.536158      4 
43.99919       3 
46.035298      2 
48.363931      1 
49.458216      2 
51.958685      3 
53.017073      4 
55.173141      3 
56.946494      2 
58.151169      1 
59.959849      2 
62.616458      3 
65.017068      4 
66.928566      3 
68.470263      2 
70.556841      1 
72.382024      2 
74.166151      3 
76.378405      4 
78.083838      3 
79.424553      2 
82.412936      1 
84.23131       2 
86.928374      3 
88.594342      4 
90.124031      3 
91.294015      2 
94.199353      1 
96.020413      2 
98.691356      3 
100.28388      4 
101.66773      3 
102.69682      2 
104.5374       1 
107.2525       2 
109.18167      3 
110.79987      4 
112.06738      3 
114.985        2 
117.76897      1 
118.90085      2 
121.38467      3 
122.91079      4 
124.09104      3 
126.92621      2 
128.67607      1 
130.50429      2 
132.08654      3 
134.19471      4 
135.31639      3 
138.09774      2 
139.82338      1 
142.49808      2 
144.48026      3 
145.90809      4 
146.9995       3 
149.75525      2 
152.46542      1 
154.29859      2 
156.13195      3 
157.5528       4 
158.64183      3 
161.39982      2 
163.11851      1 
165.7946       2 
167.78454      3 
169.22598      4 
170.34016      3 
173.12786      2 
174.86344      1 
177.54616      2 
179.53422      3 
181.02345      4 
182.18994      3 
185.03441      2 
187.79573      1 
188.93936      2 
191.43391      3 
192.99777      4 
194.24332      3 
197.17129      2 
199.97655      1 
202.69026      2 
204.90321      3 
207.40977      4 
208.71893      3 
209.75673      2 
212.61912      1 
214.46338      2 
216.30798      3 
218.10012      4 
219.58265      3 
220.75627      2 
222.6903       1 
224.53792      2 
226.30417      3 
228.48771      4 
230.12743      3 
231.46248      2 
232.47857      1 
235.32814      2 
237.13893      3 
239.40415      4 
241.22638      3 
242.74814      2 
244.85936      1 
247.70952      2 
250.52732      3 
252.33719      4 
254.36692      3 
256.10031      2 
257.3245       1 
260.11632      2 
262.02611      3 
264.59744      4 
266.85931      3 
268.8289       2 
271.16812      1 
272.29702      2 
274.85156      3 
277.65879      4 
280.17709      3 
282.40713      2 
284.87841      1 
286.73501      2 
287.8595       3 
288.88296      4 
291.73442      3 
294.24883      2 
295.87012      1 
297.05168      2 
298.88634      3 
301.37116      4 
302.47389      3 
305.29624      2 
307.07159      1 
309.78617      2 
312.53742      3 
314.15938      4 
315.58946      3 
316.74301      2 
319.68168      1 
322.49206      2 
324.88053      3 
327.31796      4 
328.87402      3 
330.38171      2 
331.50294      1 
333.36683      2 
336.0751       3 
338.58658      4 
340.74         3 
342.62444      2 
343.9388       1 
346.67924      2 
347.71809      3 
349.54331      4 
352.11041      3 
354.39392      2 
355.90995      1 
357.7761       2 
359.18948      3 
360.34322      4 
363.32718      3 
366.03176      2 
367.75826      1 
368.92101      2 
370.94141      3 
373.33378      4 
374.73917      3 
375.88653      2 
377.83256      1 
379.70533      2 
381.52152      3 
383.80303      4 
385.66906      3 
387.28058      2 
389.45968      1 
391.3328       2 
393.21055      3 
395.82397      4 
398.17178      3 
400.26859      2 
402.6919       1 
404.56699      2 
406.44223      3 
407.54082      4 
410.39129      3 
412.99421      2 
415.67194      1 
416.85093      2 
418.3488       3 
420.41306      4 
421.78676      3 
422.91632      2 
425.85916      1 
428.68799      2 
431.13238      3 
433.59011      4 
435.19834      3 
436.87478      2 
438.09821      1 
439.17937      2 
442.15313      3 
444.97341      4 
447.4542       3 
449.6975       2 
452.20068      1 
454.89062      2 
456.10612      3 
457.40496      4 
458.46904      3 
461.29891      2 
464.0967       1 
465.98032      2 
467.86413      3 
469.76251      4 
471.42936      3 
472.86521      2 
474.96813      1 
477.85292      2 
479.73823      3 
482.2554       4 
484.54422      3 
486.60522      2 
489.02219      1 
490.9088       2 
492.04182      3 
493.08653      4 
496.03449      3 
498.73953      2 
501.47968      1 
503.36804      2 
506.06413      3 
507.74387      4 
509.33319      3 
510.70091      2 
511.77654      1 
513.6688       2 
516.3917       3 
518.9575       4 
521.22484      3 
523.27362      2 
524.69576      1 
525.87798      2 
527.61922      3 
530.30465      4 
533.26818      3 
536.01615      2 
538.78231      1 
540.67522      2 
543.3796       3 
545.10844      4 
546.78607      3 
548.25111      2 
549.38122      1 
551.2723       2 
554.08989      3 
556.74012      4 
559.14952      3 
561.34926      2 
563.84455      1 
565.74026      2 
567.63608      3 
569.00196      4 
570.16058      3 
573.11241      2 
575.98491      1 
577.88211      2 
580.62507      3 
583.39974      4 
585.19187      3 
586.91294      2 
589.17203      1 
591.07038      2 
592.96897      3 
595.87896      4 
598.58733      3 
601.09457      2 
