1.0078764      1 
3.8145551      2 
6.5028117      3 
8.3484022      4 
9.8059116      3 
10.876234      2 
12.721183      1 
14.52942       2 
17.174775      3 
18.70525       4 
19.852977      3 
22.61884       2 
25.311028      1 
27.121223      2 
29.775869      3 
31.003641      4 
33.873335      3 
36.366411      2 
37.931427      1 
39.742423      2 
41.055766      3 
43.363531      4 
45.987043      3 
48.238572      2 
49.685827      1 
51.498408      2 
54.257064      3 
57.03137       4 
59.438495      3 
61.479285      2 
62.823458      1 
63.929837      2 
65.466049      3 
68.120098      4 
70.481606      3 
72.342043      2 
74.592316      1 
75.645582      2 
78.161432      3 
80.637033      4 
82.703419      3 
84.413471      2 
86.591031      1 
89.413394      2 
91.236455      3 
93.529363      4 
95.470022      3 
97.059246      2 
99.178792      1 
102.00356      2 
104.78451      3 
107.48509      4 
109.1495       3 
110.64705      2 
112.7231       1 
115.5503       2 
117.3783       3 
119.49739      4 
121.27385      3 
122.70846      2 
123.75678      1 
126.58669      2 
129.32929      3 
131.40439      4 
133.14157      3 
134.54161      2 
136.57354      1 
138.41157      2 
140.2013       3 
142.4206       4 
144.14653      3 
145.53996      2 
146.57184      1 
148.41751      2 
149.50376      3 
151.72378      4 
153.07812      3 
154.85866      2 
156.90239      1 
159.73893      2 
161.57621      3 
163.68639      4 
165.47239      3 
166.93495      2 
168.00711      1 
170.84511      2 
172.66253      3 
174.95101      4 
176.80755      3 
178.34512      2 
180.45501      1 
182.30188      2 
185.10335      3 
187.3723       4 
189.32592      3 
190.96494      2 
192.1319       1 
193.97109      2 
196.67774      3 
199.15349      4 
201.23033      3 
202.9969       2 
205.22569      1 
206.28358      2 
208.86343      3 
211.42721      4 
213.65307      3 
215.57293      2 
216.88652      1 
217.99795      2 
219.57778      3 
222.32501      4 
224.79967      3 
226.89819      2 
229.29705      1 
230.44733      2 
231.59627      3 
233.83661      4 
236.44881      3 
238.75103      2 
241.25365      1 
243.92863      2 
245.99236      3 
247.0965       4 
249.92068      3 
252.45129      2 
255.06998      1 
257.74263      2 
259.86896      3 
261.15622      4 
262.2291       3 
265.01246      2 
266.76409      1 
268.6198       2 
270.26855      3 
272.4093       4 
273.75496      3 
274.81507      2 
277.70244      1 
280.4737       2 
282.79743      3 
284.26781      4 
285.90999      3 
287.27054      2 
288.31165      1 
290.18018      2 
292.74104      3 
295.18262      4 
297.14473      3 
298.82908      2 
300.03781      1 
301.89601      2 
304.69412      3 
307.30219      4 
309.60732      3 
311.6385       2 
314.01762      1 
315.16922      2 
316.33233      3 
318.60315      4 
321.27989      3 
323.68064      2 
325.25255      1 
327.11661      2 
328.59579      3 
329.78761      4 
331.7134       3 
334.50612      2 
337.26927      1 
339.13685      2 
340.32098      3 
342.17127      4 
343.64086      3 
344.84766      2 
347.81988      1 
350.66289      2 
353.11138      3 
355.54707      4 
358.12747      3 
359.68022      2 
361.87255      1 
363.74334      2 
365.61897      3 
368.24273      4 
370.59839      3 
372.69842      2 
374.1277       1 
375.99819      2 
377.30074      3 
378.37048      4 
380.62187      3 
383.2166       2 
385.87992      1 
387.75464      2 
389.62948      3 
391.20543      4 
392.53217      3 
393.61026      2 
395.52691      1 
398.33551      2 
401.0939       3 
402.91972      4 
404.76315      3 
406.36134      2 
408.5384       1 
410.41613      2 
413.29429      3 
415.91721      4 
418.29771      3 
420.43635      2 
421.8918       1 
423.76931      2 
426.50567      3 
427.68244      4 
430.62013      3 
433.31928      2 
436.04958      1 
437.93107      2 
439.12267      3 
440.996        4 
442.5107       3 
443.79014      2 
445.81257      1 
447.6987       2 
449.56081      3 
451.97988      4 
454.09116      3 
455.97041      2 
458.29452      1 
461.03782      2 
463.06925      3 
465.92905      4 
468.65619      3 
471.15449      2 
473.7893       1 
475.67559      2 
476.87086      3 
478.6593       4 
480.02133      3 
481.15766      2 
483.11413      1 
485.0029       2 
487.7757       3 
490.01447      4 
492.03014      3 
493.82323      2 
495.11487      1 
496.24464      2 
497.92486      3 
500.74889      4 
503.44832      3 
505.91662      2 
508.54108      1 
510.43199      2 
513.12592      3 
514.65887      4 
516.0371       3 
517.19883      2 
519.17223      1 
521.06565      2 
522.92619      3 
525.32219      4 
527.40883      3 
529.28193      2 
531.61219      1 
532.76321      2 
535.33859      3 
536.36247      4 
539.17527      3 
541.77747      2 
544.47325      1 
545.65329      2 
547.20408      3 
549.32289      4 
550.87936      3 
552.22812      2 
554.29906      1 
556.19818      2 
558.0891       3 
559.19497      4 
561.52368      3 
563.63622      2 
565.09708      1 
566.29145      2 
568.08288      3 
570.70274      4 
571.79811      3 
574.69143      2 
577.53703      1 
580.31919      2 
582.72368      3 
585.23567      4 
587.91296      3 
589.52731      2 
591.77363      1 
594.56343      2 
595.60962      3 
598.50804      4 
601.20949      3 
603.71442      2 
