1.0054923      1 
2.8202431      2 
5.1406853      3 
7.4718001      4 
8.9063755      3 
9.9492089      2 
12.774917      1 
14.580148      2 
16.385716      3 
17.870586      4 
18.968206      3 
21.679468      2 
23.3478        1 
25.994157      2 
27.958229      3 
29.132941      4 
31.925726      3 
34.337463      2 
36.853223      1 
39.505092      2 
41.496021      3 
44.24199       4 
46.761619      3 
48.905438      2 
51.290041      1 
52.412355      2 
53.429341      3 
56.337452      4 
58.615168      3 
60.52224       2 
62.791158      1 
63.853411      2 
66.359599      3 
68.838718      4 
70.905336      3 
72.606403      2 
73.779081      1 
75.595624      2 
78.22335       3 
80.614786      4 
82.500696      3 
84.026079      2 
86.109121      1 
87.938491      2 
90.687022      3 
92.778588      4 
94.513763      3 
95.893366      2 
96.906225      1 
98.74086       2 
101.1374       3 
103.49392      4 
105.10792      3 
106.37124      2 
109.32784      1 
111.15328      2 
112.97929      3 
114.84794      4 
116.36992      3 
117.54603      2 
120.46136      1 
123.22327      2 
125.48532      3 
127.91023      4 
129.28541      3 
130.40302      2 
132.29379      1 
134.12517      2 
135.83304      3 
137.94715      4 
139.37095      3 
140.45834      2 
143.33396      1 
146.0757       2 
148.3175       3 
150.77166      4 
152.12322      3 
153.2083       2 
156.08506      1 
158.8295       2 
160.03675      3 
161.80226      4 
163.23978      3 
164.35006      2 
166.24403      1 
169.00177      2 
170.9166       3 
172.72545      4 
174.21082      3 
175.37345      2 
177.29532      1 
180.07373      2 
181.97288      3 
183.85197      4 
185.41202      3 
186.65377      2 
189.61575      1 
191.4573       2 
194.17151      3 
195.89474      4 
197.55594      3 
198.90321      2 
199.92083      1 
201.77489      2 
204.2462       3 
206.64103      4 
208.42947      3 
209.90829      2 
210.99588      1 
213.98983      2 
215.70441      3 
218.02861      4 
219.97004      3 
221.60611      2 
223.7721       1 
224.78375      2 
227.36272      3 
229.85475      4 
231.97455      3 
233.79319      2 
235.05813      1 
236.14297      2 
239.09151      3 
241.84542      4 
244.16863      3 
246.19481      2 
247.56639      1 
248.70795      2 
250.31228      3 
253.07032      4 
255.64956      3 
257.90793      2 
259.39769      1 
261.24988      2 
262.58368      3 
263.65597      4 
266.58257      3 
269.09743      2 
270.71666      1 
273.38832      2 
275.42348      3 
276.78932      4 
277.86956      3 
280.66485      2 
282.42463      1 
284.28268      2 
286.95659      3 
288.61867      4 
289.99907      3 
291.09845      2 
294.00774      1 
295.07757      2 
297.71538      3 
299.69712      4 
301.40105      3 
302.82782      2 
304.90313      1 
307.76492      2 
309.62737      3 
311.95186      4 
314.00236      3 
315.77951      2 
318.03201      1 
320.8088       2 
322.76051      3 
325.45053      4 
327.87033      3 
330.02053      2 
331.46793      1 
332.6418       2 
334.32637      3 
335.41458      4 
337.92779      3 
340.49448      2 
342.14032      1 
344.82262      2 
346.07561      3 
347.17886      4 
348.68424      3 
351.64733      2 
354.49778      1 
356.36741      2 
358.23733      3 
360.1575       4 
361.81843      3 
363.22074      2 
365.29305      1 
368.16408      2 
370.03573      3 
372.40945      4 
374.52751      3 
376.39049      2 
378.69498      1 
380.56792      2 
382.44112      3 
385.28965      4 
387.88603      3 
390.23084      2 
391.78417      1 
394.46434      2 
397.30013      3 
398.63251      4 
399.72813      3 
402.57563      2 
405.37532      1 
408.11429      2 
409.36955      3 
411.2303       4 
412.84578      3 
414.21656      2 
415.28191      1 
418.15887      2 
420.02737      3 
422.48195      4 
424.63764      3 
426.552        2 
428.889        1 
430.76881      2 
432.64883      3 
435.60337      4 
438.31934      3 
440.79728      2 
442.42338      1 
445.1116       2 
447.18086      3 
448.71219      4 
450.00822      3 
451.0695       2 
452.98471      1 
455.79859      2 
457.74963      3 
459.8773       4 
461.77291      3 
463.43699      2 
464.65884      1 
466.54056      2 
469.41203      3 
472.15854      4 
474.67297      3 
476.95907      2 
478.49473      1 
480.37939      2 
481.87199      3 
484.1316       4 
485.28384      3 
488.21089      2 
491.06179      1 
493.83721      2 
495.0716       3 
497.10301      4 
498.91179      3 
500.49846      2 
502.68129      1 
504.57054      2 
507.46016      3 
510.1635       4 
512.64728      3 
514.912        2 
516.44164      1 
519.13146      2 
520.37065      3 
522.19902      4 
523.376        3 
526.33695      2 
529.20939      1 
532.00188      2 
534.41295      3 
536.90888      4 
538.54306      3 
540.21814      2 
542.44968      1 
544.34347      2 
546.23754      3 
549.06522      4 
551.68226      3 
554.08916      2 
555.69383      1 
557.58791      2 
560.28351      3 
561.85465      4 
563.21805      3 
564.3742       2 
567.34881      1 
569.2456       2 
572.0427       3 
574.81465      4 
576.69345      3 
578.61603      2 
579.98198      1 
581.15112      2 
582.87853      3 
585.63042      4 
588.53799      3 
591.24396      2 
593.00069      1 
595.73751      2 
597.79594      3 
599.70014      4 
601.40505      3 
602.91113      2 
