2.0006998      1 
4.7982715      2 
5.9186251      3 
7.7583227      4 
9.1470302      3 
12.134885      2 
14.928552      1 
16.729279      2 
19.369677      3 
20.717123      4 
23.714527      3 
26.316588      2 
28.920251      1 
30.723706      2 
32.527333      3 
33.557111      4 
36.196079      3 
38.445138      2 
39.881948      1 
42.548311      2 
44.487495      3 
47.185881      4 
49.498829      3 
51.427227      2 
52.705594      1 
53.767408      2 
56.627943      3 
59.26715       4 
61.286048      3 
62.925682      2 
65.056563      1 
67.867469      2 
70.633574      3 
73.320299      4 
74.927437      3 
76.309764      2 
78.314347      1 
81.128027      2 
83.826346      3 
85.489967      4 
87.014923      3 
88.170969      2 
91.06473       1 
93.802748      2 
96.014416      3 
98.453819      4 
99.732173      3 
102.69254      2 
105.49092      1 
107.31006      2 
109.12947      3 
110.64284      4 
111.79654      3 
114.5914       2 
116.3146       1 
118.13578      2 
119.67343      3 
121.79036      4 
122.80339      3 
125.46251      2 
127.12107      1 
129.77673      2 
131.76365      3 
133.01528      4 
135.91706      3 
138.4698       2 
141.0719       1 
142.24278      2 
143.56117      3 
145.55962      4 
148.37917      3 
150.85447      2 
152.4267       1 
155.08043      2 
157.07813      3 
158.18437      4 
160.95031      3 
163.37673      2 
165.92051      1 
167.75169      2 
169.58302      3 
170.65919      4 
173.39975      3 
175.80545      2 
178.34121      1 
181.00255      2 
183.04618      3 
184.11129      4 
186.8543       3 
189.26706      2 
191.80863      1 
193.64442      2 
194.77754      3 
195.80232      4 
198.62801      3 
201.07521      2 
202.64268      1 
205.30181      2 
206.48612      3 
208.18235      4 
211.01226      3 
213.52093      2 
216.11488      1 
217.95519      2 
219.79564      3 
221.02678      4 
223.94037      3 
226.53715      2 
228.18317      1 
230.02457      2 
231.52972      3 
232.71134      4 
234.55102      3 
237.26219      2 
238.96691      1 
240.12877      2 
242.02718      3 
244.44139      4 
245.60102      3 
248.45249      2 
251.2242       1 
253.92771      2 
256.12898      3 
257.54316      4 
258.86442      3 
259.88175      2 
261.74149      1 
264.48856      2 
267.21813      3 
270.01721      4 
271.49095      3 
272.69935      2 
274.65492      1 
277.46896      2 
280.20385      3 
281.96378      4 
283.68375      3 
285.10809      2 
287.17295      1 
290.02555      2 
292.81368      3 
295.54288      4 
298.30288      3 
299.90293      2 
301.09471      1 
302.9458       2 
305.70932      3 
308.26244      4 
310.47943      3 
312.40887      2 
313.73656      1 
314.86165      2 
315.88344      3 
318.75496      4 
320.26755      3 
322.54074      2 
325.00827      1 
327.69286      2 
328.85015      3 
329.94016      4 
332.74982      3 
335.27976      2 
337.90502      1 
339.766        2 
342.44856      3 
343.83085      4 
344.97188      3 
347.83704      2 
349.6357       1 
351.49852      2 
353.20264      3 
355.36146      4 
356.85679      3 
358.08005      2 
361.05589      1 
362.92041      2 
365.67165      3 
367.4753       4 
369.34756      3 
370.95149      2 
373.11988      1 
374.98609      2 
377.8528       3 
380.38955      4 
382.66105      3 
384.6679       2 
387.03949      1 
388.90773      2 
390.77618      3 
393.73053      4 
396.42326      3 
398.85499      2 
401.44052      1 
403.31077      2 
406.00357      3 
407.36801      4 
408.50368      3 
411.38193      2 
414.19234      1 
416.9327       2 
419.22821      3 
421.73453      4 
423.22875      3 
424.57488      2 
426.62141      1 
428.49957      2 
430.35477      3 
432.76422      4 
434.84968      3 
436.68473      2 
437.98355      1 
439.85603      2 
440.94374      3 
443.92292      4 
446.51463      3 
448.85939      2 
451.4085       1 
452.60121      2 
455.08465      3 
456.44727      4 
457.56578      3 
460.44072      2 
462.26006      1 
465.01001      2 
467.76713      3 
470.58811      4 
472.20461      3 
473.62995      2 
475.723        1 
478.60319      2 
480.48395      3 
482.95397      4 
485.18652      3 
487.18217      2 
489.56198      1 
491.44404      2 
494.2199       3 
495.27235      4 
498.09161      3 
500.67722      2 
503.35323      1 
505.23713      2 
507.12116      3 
508.77752      4 
510.20292      3 
511.39787      2 
513.38074      1 
515.26739      2 
517.12117      3 
519.49947      4 
521.55016      3 
523.37357      2 
525.67215      1 
527.55892      2 
528.61831      3 
531.56823      4 
534.2631       3 
536.73382      2 
538.36319      1 
540.25046      2 
541.85684      3 
544.05908      4 
545.41677      3 
546.55339      2 
548.51225      1 
551.36641      2 
553.29162      3 
555.54904      4 
557.58793      3 
559.40878      2 
560.71672      1 
562.60555      2 
563.7716       3 
566.37515      4 
569.11776      3 
571.64094      2 
573.30079      1 
575.19275      2 
577.88402      3 
579.55201      4 
581.00742      3 
582.25076      2 
583.26718      1 
585.16819      2 
587.81037      3 
590.3424       4 
592.53265      3 
594.51373      2 
596.9001       1 
599.62247      2 
600.78133      3 
601.93057      4 
604.87304      3 
607.60922      2 
610.37411      1 
612.27163      2 
614.1693       3 
616.08507      4 
617.79691      3 
619.3053       2 
