1.9803641      1 
3.7599066      2 
5.4279508      3 
7.4463565      4 
8.6286582      3 
11.369111      2 
14.018714      1 
16.647122      2 
17.799103      3 
20.782318      4 
23.328751      3 
25.439409      2 
27.777573      1 
28.858414      2 
31.291796      3 
33.715308      4 
35.662101      3 
37.179109      2 
39.223335      1 
42.009172      2 
44.689914      3 
47.383521      4 
48.727273      3 
51.686279      2 
53.458422      1 
56.116558      2 
58.032889      3 
59.306124      4 
62.16034       3 
64.596503      2 
67.106025      1 
68.898097      2 
70.69039       3 
73.463952      4 
75.824255      3 
77.77225       2 
79.046528      1 
80.095076      2 
82.917705      3 
84.484685      4 
86.543417      3 
88.037444      2 
90.081726      1 
91.887979      2 
94.581667      3 
96.458482      4 
97.93332       3 
99.007107      2 
100.84696      1 
102.6483       2 
104.25186      3 
105.43866      4 
106.46645      3 
109.23792      2 
111.88381      1 
113.68719      2 
116.35146      3 
117.45875      4 
120.1815       3 
122.51414      2 
124.98591      1 
126.79184      2 
128.598        3 
131.37921      4 
133.77478      3 
135.78562      2 
138.09936      1 
139.18389      2 
142.1564       3 
144.63711      4 
146.7375       3 
148.45844      2 
149.63417      1 
152.44101      2 
155.23851      3 
157.45036      4 
159.28711      3 
160.74962      2 
162.79431      1 
165.6078       2 
168.32541      3 
171.02709      4 
173.82922      3 
175.05499      2 
176.98974      1 
179.75575      2 
181.62146      3 
183.38871      4 
184.79109      3 
185.82945      2 
188.66676      1 
191.37635      2 
193.55249      3 
194.92961      4 
196.16041      3 
199.0322       2 
201.78871      1 
203.61026      2 
206.26312      3 
207.65583      4 
208.7449       3 
211.47989      2 
214.1705       1 
215.99452      2 
217.81871      3 
219.14551      4 
222.12228      3 
224.74985      2 
226.3951       1 
228.22041      2 
229.68093      3 
230.81982      4 
233.76285      3 
236.31196      2 
237.92072      1 
239.74811      2 
241.16935      3 
242.28301      4 
245.20478      3 
247.70399      2 
250.28403      1 
251.45709      2 
253.88656      3 
255.03485      4 
257.84735      3 
260.32484      2 
261.90273      1 
264.55898      2 
265.74243      3 
267.42771      4 
270.24168      3 
272.72524      2 
275.30208      1 
277.13781      2 
278.97368      3 
280.1432       4 
282.9861       3 
285.50313      2 
287.10517      1 
288.94174      2 
290.38065      3 
292.60012      4 
295.49905      3 
298.07658      2 
299.71081      1 
302.37388      2 
303.59153      3 
304.66528      4 
307.65072      3 
310.31542      2 
311.99495      1 
313.83653      2 
315.37954      3 
316.57926      4 
318.37277      3 
321.15092      2 
322.88862      1 
324.73281      2 
326.34163      3 
327.5659       4 
328.64349      3 
331.58194      2 
333.39044      1 
336.10876      2 
338.08036      3 
339.77171      4 
341.15827      3 
342.24076      2 
344.13242      1 
346.89898      2 
348.82798      3 
350.70113      4 
352.2737       3 
353.54636      2 
355.53335      1 
358.37281      2 
360.23491      3 
362.31486      4 
364.09836      3 
365.58607      2 
367.6826       1 
370.5351       2 
373.34576      3 
375.15903      4 
377.17804      3 
378.90534      2 
380.1288       1 
381.18919      2 
384.10197      3 
385.73595      4 
388.07582      3 
390.0669       2 
391.42552      1 
392.56473      2 
393.6014       3 
396.50596      4 
399.19115      3 
401.46988      2 
403.9677       1 
405.14741      2 
406.43929      3 
408.54271      4 
411.41246      3 
414.00237      2 
416.65751      1 
419.3391       2 
421.50052      3 
422.85867      4 
424.05897      3 
426.98327      2 
429.80745      1 
432.54704      2 
434.82896      3 
436.30606      4 
437.85985      3 
439.14144      2 
440.14662      1 
443.01264      2 
444.84379      3 
447.162        4 
449.09192      3 
450.75337      2 
451.95517      1 
453.81806      2 
456.62278      3 
459.24306      4 
461.57142      3 
463.635        2 
465.04147      1 
467.744        2 
470.64988      3 
471.66036      4 
474.40917      3 
476.89685      2 
479.51026      1 
481.38046      2 
482.56341      3 
483.63877      4 
485.06319      3 
487.99662      2 
490.83457      1 
492.70655      2 
494.57879      3 
496.48794      4 
498.1425       3 
499.54305      2 
500.61893      1 
502.49713      2 
505.16218      3 
507.66863      4 
509.80789      3 
511.69662      2 
514.01626      1 
516.75874      2 
518.77084      3 
521.59303      4 
524.23781      3 
526.63551      2 
528.21734      1 
529.40923      2 
531.25782      3 
533.76466      4 
534.9355       3 
537.86266      2 
540.7044       1 
541.81849      2 
543.44705      3 
545.62161      4 
547.33877      3 
548.8156       2 
550.93437      1 
553.81451      2 
555.69518      3 
558.21621      4 
560.49967      3 
562.54611      2 
563.95785      1 
565.1318       2 
566.83967      3 
567.95745      4 
570.93061      3 
573.5663       2 
576.26728      1 
578.97463      2 
581.21787      3 
582.69387      4 
584.16878      3 
585.41313      2 
586.42054      1 
588.31318      2 
590.90941      3 
593.40624      4 
595.50575      3 
597.37789      2 
599.70076      1 
602.44538      2 
604.4803       3 
607.34734      4 
610.09038      3 
612.60915      2 
