1.9758475      1 
3.7507929      2 
6.3909672      3 
7.9794013      4 
9.115835       3 
11.80131       2 
13.424975      1 
15.199469      2 
17.868762      3 
20.760768      4 
23.206985      3 
25.208442      2 
27.487575      1 
30.224463      2 
33.056554      3 
34.766484      4 
36.559461      3 
37.913791      2 
40.872022      1 
42.653687      2 
45.29948       3 
46.791701      4 
47.967905      3 
50.711491      2 
52.372983      1 
54.156983      2 
55.521158      3 
57.720825      4 
60.316223      3 
62.484948      2 
63.863147      1 
65.647294      2 
68.391231      3 
70.887823      4 
72.937887      3 
74.567142      2 
75.674978      1 
77.478859      2 
79.904326      3 
82.206113      4 
83.745827      3 
84.870516      2 
87.725555      1 
90.422307      2 
92.545161      3 
95.02758       4 
96.086432      3 
98.74098       2 
100.3699       1 
103.0049       2 
104.9571       3 
105.98378      4 
108.60583      3 
110.82418      2 
113.23211      1 
115.0312       2 
117.82551      3 
120.4373       4 
122.6511       3 
124.46675      2 
126.67625      1 
129.46906      2 
131.28053      3 
133.51275      4 
135.35139      3 
136.79736      2 
137.82538      1 
139.64349      2 
142.00094      3 
144.32953      4 
145.82566      3 
146.93451      2 
149.79548      1 
151.6029       2 
153.4107       3 
154.97936      4 
156.16517      3 
158.96904      2 
160.6853       1 
163.34258      2 
164.55072      3 
166.1943       4 
169.10156      3 
171.63212      2 
174.20936      1 
176.8563       2 
178.87806      3 
181.63609      4 
184.29281      3 
186.58131      2 
189.04028      1 
191.70669      2 
193.68131      3 
196.40169      4 
198.84536      3 
200.92261      2 
202.28506      1 
204.09946      2 
206.90765      3 
209.53048      4 
211.78826      3 
213.68465      2 
214.95853      1 
216.77472      2 
219.51645      3 
222.0211       4 
224.12303      3 
225.86855      2 
228.0638       1 
230.87198      2 
233.7102       3 
236.41783      4 
238.12558      3 
239.74977      2 
240.89039      1 
243.71208      2 
246.50735      3 
248.73356      4 
250.61229      3 
252.14432      2 
254.23761      1 
256.07306      2 
257.87648      3 
260.14314      4 
261.9537       3 
263.42233      2 
265.48624      1 
268.31579      2 
271.06752      3 
273.77566      4 
275.4103       3 
276.84389      2 
277.89406      1 
280.72617      2 
283.47321      3 
285.56567      4 
287.32477      3 
288.75129      2 
290.79877      1 
292.64005      2 
294.43865      3 
296.68256      4 
298.45761      3 
299.90464      2 
300.96646      1 
302.81341      2 
305.32682      3 
307.71707      4 
309.53533      3 
311.03009      2 
313.11629      1 
315.95499      2 
318.73541      3 
321.45042      4 
323.15208      3 
324.72139      2 
326.84714      1 
328.69258      2 
331.50637      3 
333.80677      4 
335.79177      3 
337.4621       2 
338.64497      1 
340.48423      2 
343.20644      3 
344.388        4 
346.52885      3 
348.3263       2 
349.57588      1 
350.64708      2 
352.28746      3 
354.92933      4 
356.18861      3 
358.21118      2 
360.53388      1 
362.38145      2 
364.22932      3 
366.96233      4 
369.39276      3 
371.52132      2 
372.94178      1 
374.09917      2 
375.71946      3 
378.46521      4 
381.10517      3 
383.43702      2 
384.961        1 
386.81102      2 
388.18661      3 
389.29187      4 
391.37621      3 
393.94942      2 
395.58859      1 
398.26105      2 
400.29091      3 
401.68294      4 
402.78471      3 
405.59688      2 
407.36268      1 
409.21846      2 
410.87991      3 
413.02055      4 
414.3947       3 
415.48322      2 
418.38478      1 
421.16512      2 
423.50218      3 
425.95185      4 
427.46507      3 
428.85364      2 
430.90755      1 
432.77284      2 
434.61064      3 
436.96782      4 
438.95764      3 
440.66963      2 
442.88733      1 
443.95007      2 
446.57117      3 
449.1976       4 
451.53006      3 
453.58851      2 
455.9812       1 
457.84481      2 
458.93459      3 
461.91355      4 
464.61142      3 
467.03906      2 
469.61796      1 
471.48362      2 
472.65622      3 
474.32441      4 
475.41017      3 
478.22942      2 
481.00579      1 
482.87334      2 
485.5585       3 
488.35386      4 
489.81882      3 
491.05177      2 
493.03741      1 
495.8939       2 
498.66029      3 
500.48652      4 
502.41422      3 
504.08268      2 
506.28788      1 
508.15865      2 
511.02983      3 
513.66726      4 
516.04842      3 
518.17389      2 
519.61587      1 
522.31011      2 
523.46751      3 
525.24415      4 
528.10001      3 
530.70371      2 
533.37953      1 
535.25422      2 
537.12904      3 
538.72986      4 
540.0814       3 
541.18423      2 
544.1114       1 
545.98766      2 
548.72961      3 
550.53964      4 
552.40753      3 
554.03013      2 
555.22394      1 
556.28167      2 
559.21676      3 
562.00738      4 
564.412        3 
566.57472      2 
568.04216      1 
569.2277       2 
570.96901      3 
573.61427      4 
576.57575      3 
579.29864      2 
582.04078      1 
584.75955      2 
587.02618      3 
588.51863      4 
590.0568       3 
591.35966      2 
592.39485      1 
595.27768      2 
598.09416      3 
600.46118      4 
602.5956       3 
604.49794      2 
605.83985      1 
607.72175      2 
608.92193      3 
611.48337      4 
614.23516      3 
616.75623      2 
