2.9822129      1 
4.7614527      2 
6.5414273      3 
8.1849663      4 
9.3902019      3 
12.158144      2 
14.823747      1 
16.606369      2 
19.261658      3 
20.288986      4 
22.885527      3 
25.050785      2 
27.418457      1 
28.515855      2 
30.958437      3 
33.433871      4 
35.457573      3 
37.055919      2 
38.145582      1 
40.93281       2 
42.681321      3 
44.792797      4 
46.279023      3 
47.345739      2 
50.169536      1 
51.960958      2 
53.752729      3 
55.151053      4 
58.134678      3 
60.70456       2 
63.282989      1 
64.440488      2 
65.656611      3 
67.666768      4 
70.191347      3 
72.298713      2 
74.649045      1 
76.445881      2 
79.243127      3 
81.727648      4 
83.808791      3 
85.487487      2 
87.626342      1 
89.434879      2 
91.213824      3 
93.418117      4 
95.09844       3 
96.381847      2 
98.326659      1 
101.08676      2 
102.93092      3 
104.63578      4 
105.94828      3 
108.86932      2 
110.63869      1 
113.3083       2 
115.24535      3 
116.60955      4 
119.58677      3 
122.17791      2 
124.78074      1 
127.42456      2 
128.58963      3 
129.64533      4 
132.31937      3 
134.61264      2 
137.06939      1 
138.21524      2 
139.32853      3 
141.48036      4 
142.57406      3 
144.61981      2 
145.95241      1 
147.04968      2 
148.59547      3 
151.20948      4 
153.54358      3 
155.33541      2 
156.55179      1 
158.36291      2 
161.03789      3 
163.45806      4 
165.41076      3 
166.99818      2 
169.1099       1 
170.93638      2 
172.73256      3 
174.98215      4 
176.75571      3 
178.169        2 
180.19601      1 
183.01649      2 
185.73448      3 
188.4434       4 
189.98211      3 
191.25117      2 
193.20929      1 
195.99883      2 
198.70199      3 
200.36501      4 
201.86973      3 
203.02402      2 
205.92613      1 
207.75181      2 
210.42648      3 
213.17619      4 
214.55888      3 
215.62746      2 
217.49195      1 
219.32088      2 
221.98683      3 
223.6809       4 
225.03332      3 
226.04487      2 
227.88365      1 
229.71471      2 
232.37767      3 
234.0336       4 
235.35257      3 
238.33536      2 
241.15876      1 
243.87323      2 
246.07537      3 
247.48222      4 
248.7957       3 
251.77761      2 
253.60638      1 
255.44194      2 
257.11164      3 
259.22004      4 
260.55559      3 
261.56413      2 
263.40822      1 
265.24616      2 
266.93304      3 
268.16049      4 
269.87126      3 
270.93355      2 
273.80355      1 
276.54815      2 
277.75997      3 
279.53964      4 
281.0005       3 
282.14329      2 
284.0577       1 
285.90064      2 
287.64654      3 
289.80306      4 
291.36643      3 
292.6161       2 
295.58435      1 
298.39933      2 
300.76107      3 
302.18947      4 
303.88143      3 
305.264        2 
306.30218      1 
308.15827      2 
310.66745      3 
313.07247      4 
314.91874      3 
316.45987      2 
318.57846      1 
321.57448      2 
324.36519      3 
326.09183      4 
328.11778      3 
329.84278      2 
331.0604       1 
332.11271      2 
335.00849      3 
337.73347      4 
339.96412      3 
341.89796      2 
344.21705      1 
346.06923      2 
347.08909      3 
348.80092      4 
351.28714      3 
353.45443      2 
355.89214      1 
358.58186      2 
360.61845      3 
361.6213       4 
364.33504      3 
366.76007      2 
369.32846      1 
370.51225      2 
372.97177      3 
374.24861      4 
377.24005      3 
379.94676      2 
381.66294      1 
382.82566      2 
384.78965      3 
387.1888       4 
388.48163      3 
389.49364      2 
392.35929      1 
395.11945      2 
397.43017      3 
398.90616      4 
400.52372      3 
401.86432      2 
402.89754      1 
405.75998      2 
407.59756      3 
409.93816      4 
411.90348      3 
413.59564      2 
414.81066      1 
415.87254      2 
418.79804      3 
421.56106      4 
423.89684      3 
425.96323      2 
428.36218      1 
430.22808      2 
431.3248       3 
432.96165      4 
435.69051      3 
438.15346      2 
440.75225      1 
442.62018      2 
445.30962      3 
446.68416      4 
447.82776      3 
450.70932      2 
452.52283      1 
455.26227      2 
458.01295      3 
459.7249       4 
461.30525      3 
462.62714      2 
464.65926      1 
466.53478      2 
468.38308      3 
470.76328      4 
472.80185      3 
474.58552      2 
475.85612      1 
476.96207      2 
477.97019      3 
480.84064      4 
483.53815      3 
485.80474      2 
488.31262      1 
489.50161      2 
490.84446      3 
491.98128      4 
493.8155       3 
496.58587      2 
499.34708      1 
501.22388      2 
503.91406      3 
505.56968      4 
507.10891      3 
508.40361      2 
509.42984      1 
511.31569      2 
513.91718      3 
516.40424      4 
518.48473      3 
520.32405      2 
522.62366      1 
523.7504       2 
524.84957      3 
527.2437       4 
529.89989      3 
532.30383      2 
534.88703      1 
536.7688       2 
538.65067      3 
540.10867      4 
541.33155      3 
544.31984      2 
546.1993       1 
548.98854      2 
550.96373      3 
553.01909      4 
554.84255      3 
556.43465      2 
557.62001      1 
558.67723      2 
560.4022       3 
563.13304      4 
564.35546      3 
566.60164      2 
568.10204      1 
570.79201      2 
572.86849      3 
574.17612      4 
575.25819      3 
578.11522      2 
580.93118      1 
583.68746      2 
584.94091      3 
586.90294      4 
588.6425       3 
590.16012      2 
