2.986834       1 
5.7568169      2 
7.9521529      3 
9.3085653      4 
10.559669      3 
13.382589      2 
15.085482      1 
16.872089      2 
18.295622      3 
19.367584      4 
21.264243      3 
23.581634      2 
26.00831       1 
27.798166      2 
28.803452      3 
31.556018      4 
33.733536      3 
35.494561      2 
37.667595      1 
40.45997       2 
42.253207      3 
44.357831      4 
46.050737      3 
47.332874      2 
50.268868      1 
52.064459      2 
53.206126      3 
54.940278      4 
56.182721      3 
59.020041      2 
60.741403      1 
63.39165       2 
65.333812      3 
66.559951      4 
69.385612      3 
71.811718      2 
73.332053      1 
75.131198      2 
76.339153      3 
78.702541      4 
81.175093      3 
83.223126      2 
85.550797      1 
87.354567      2 
90.158767      3 
92.639605      4 
94.730898      3 
96.433544      2 
97.595283      1 
100.39804      2 
103.17721      3 
105.3342       4 
107.107        3 
108.49649      2 
110.50004      1 
112.31223      2 
115.00423      3 
116.86932      4 
118.35549      3 
119.46363      2 
121.33165      1 
124.0516       2 
125.95325      3 
127.55793      4 
128.78891      3 
131.64705      2 
133.39457      1 
134.53615      2 
136.3898       3 
137.65196      4 
139.65045      3 
142.28951      2 
143.93132      1 
145.7474       2 
147.17807      3 
149.36799      4 
152.18114      3 
154.63162      2 
157.17588      1 
158.99554      2 
161.69848      3 
162.70637      4 
165.35604      3 
167.64803      2 
170.11565      1 
171.27049      2 
172.42989      3 
174.57344      4 
177.10742      3 
179.27058      2 
181.67633      1 
184.36367      2 
186.33015      3 
189.03795      4 
191.44945      3 
193.51305      2 
195.87149      1 
196.99113      2 
198.01098      3 
200.9313       4 
203.26731      3 
205.2602       2 
207.5857       1 
209.41483      2 
212.24431      3 
214.87256      4 
217.16161      3 
219.11224      2 
220.42505      1 
222.25319      2 
225.05839      3 
227.67379      4 
229.94401      3 
231.88046      2 
234.18245      1 
236.01621      2 
238.85035      3 
241.45942      4 
243.73856      3 
245.68852      2 
247.00564      1 
248.83847      2 
251.65898      3 
254.30511      4 
256.62053      3 
258.6113       2 
260.94496      1 
262.78329      2 
263.79219      3 
265.49165      4 
267.90751      3 
269.96602      2 
271.34222      1 
272.47825      2 
274.0527       3 
276.79158      4 
279.30652      3 
281.45932      2 
282.88497      1 
285.57082      2 
286.66485      3 
289.6027       4 
292.18744      3 
294.46073      2 
296.94204      1 
298.78711      2 
299.9031       3 
301.48572      4 
304.2125       3 
306.63211      2 
308.19505      1 
310.04064      2 
311.45541      3 
312.58527      4 
314.59086      3 
317.19069      2 
319.83507      1 
321.6845       2 
323.53407      3 
324.92066      4 
326.00778      3 
328.79611      2 
331.54095      1 
334.23836      2 
336.43308      3 
338.98427      4 
340.26032      3 
341.27037      2 
344.12812      1 
345.98161      2 
347.14478      3 
349.05586      4 
350.60268      3 
351.85887      2 
353.84233      1 
356.68336      2 
359.43009      3 
361.21619      4 
363.02927      3 
364.55572      2 
366.67621      1 
369.53328      2 
372.37055      3 
374.19218      4 
376.29536      3 
378.11584      2 
380.38534      1 
381.48024      2 
384.09691      3 
386.796        4 
389.21277      3 
391.35073      2 
392.78742      1 
395.47798      2 
398.37016      3 
399.39903      4 
402.15257      3 
404.63114      2 
407.2331       1 
409.91016      2 
412.04715      3 
414.71066      4 
415.81934      3 
418.66132      2 
421.44673      1 
423.31195      2 
425.17739      3 
426.94082      4 
428.43618      3 
429.66406      2 
432.64452      1 
435.49201      2 
437.94266      3 
439.36258      4 
441.26235      3 
442.89832      2 
445.08501      1 
446.13052      2 
448.76805      3 
449.87143      4 
452.20661      3 
454.27256      2 
456.67589      1 
458.5464       2 
459.65181      3 
461.29412      4 
464.06821      3 
466.58571      2 
468.22223      1 
469.40697      2 
471.308        3 
473.76521      4 
475.00861      3 
477.99894      2 
479.87035      1 
482.64638      2 
483.86405      3 
485.91649      4 
487.65023      3 
489.13439      2 
490.2554       1 
492.12888      2 
494.87931      3 
497.43572      4 
499.68055      3 
501.67924      2 
503.06248      1 
504.93749      2 
506.18255      3 
508.6842       4 
511.4606       3 
513.99423      2 
516.63973      1 
519.33172      2 
521.52871      3 
522.94501      4 
524.27314      3 
525.36185      2 
528.28658      1 
530.16746      2 
532.04871      3 
534.18518      4 
536.08497      3 
537.74861      2 
538.9679       1 
540.84728      2 
543.71055      3 
544.74337      4 
547.23577      3 
549.49395      2 
551.01345      1 
552.20776      2 
554.01082      3 
555.2993       4 
557.5349       3 
560.40692      2 
563.22805      1 
565.98511      2 
568.32744      3 
569.84479      4 
571.57624      3 
573.08115      2 
574.22452      1 
576.10852      2 
578.91868      3 
581.55481      4 
583.93484      3 
586.09143      2 
588.55833      1 
590.44717      2 
593.17846      3 
594.43483      4 
595.482        3 
598.30881      2 
600.11586      1 
602.00614      2 
603.77322      3 
606.00475      4 
607.73738      3 
609.25269      2 
