1.973589       1 
4.723451       2 
6.513843       3 
8.0839088      4 
9.1974085      3 
11.855394      2 
14.457006      1 
16.23053       2 
17.323811      3 
18.815047      4 
21.223339      3 
23.170195      2 
25.419802      1 
27.195959      2 
29.972844      3 
32.133015      4 
33.849083      3 
35.122074      2 
38.03734       1 
40.754689      2 
41.929173      3 
43.440035      4 
44.512898      3 
47.148774      2 
49.748575      1 
52.377221      2 
54.350092      3 
57.057011      4 
59.523         3 
61.558006      2 
62.866794      1 
63.930871      2 
66.767061      3 
69.356578      4 
71.251522      3 
72.721407      2 
73.745093      1 
76.535102      2 
79.209858      3 
80.98928       4 
82.348517      3 
85.288538      2 
88.049131      1 
89.840742      2 
91.632617      3 
92.905408      4 
95.763791      3 
98.208718      2 
99.731519      1 
101.52374      2 
102.71234      3 
105.07336      4 
107.50641      3 
109.49054      2 
111.77946      1 
113.57634      2 
116.37376      3 
118.73618      4 
120.6955       3 
122.25265      2 
124.3308       1 
127.32124      2 
129.97407      3 
131.58634      4 
133.14651      3 
134.31005      2 
136.19616      1 
138.00012      2 
140.64787      3 
142.23396      4 
143.42796      3 
146.23078      2 
147.94197      1 
149.74701      2 
151.22985      3 
153.35419      4 
156.21455      3 
158.68909      2 
160.24034      1 
161.40157      2 
162.99186      3 
165.9828       4 
168.54158      3 
170.71985      2 
173.11932      1 
174.92993      2 
176.74085      3 
179.40583      4 
181.69467      3 
183.60824      2 
185.87809      1 
187.69113      2 
189.51365      3 
191.96211      4 
194.01221      3 
195.69218      2 
196.85179      1 
199.66372      2 
202.45714      3 
204.66514      4 
206.50727      3 
207.98437      2 
210.04097      1 
212.85902      2 
215.58954      3 
218.29109      4 
219.85369      3 
221.15818      2 
224.13075      1 
225.95151      2 
228.64487      3 
231.36884      4 
232.83122      3 
233.99297      2 
236.8965       1 
239.6467       2 
241.88557      3 
244.31785      4 
245.65174      3 
246.70019      2 
249.54945      1 
252.27086      2 
254.47364      3 
255.8758       4 
257.18538      3 
260.14959      2 
261.96286      1 
263.79147      2 
265.43301      3 
267.52861      4 
268.77785      3 
271.68646      2 
274.47055      1 
277.16626      2 
279.33582      3 
280.7099       4 
281.92711      3 
284.80837      2 
287.58112      1 
290.27434      2 
291.5088       3 
293.054        4 
294.26711      3 
297.14889      2 
299.9242       1 
301.75952      2 
304.42105      3 
305.90838      4 
307.14493      3 
310.05471      2 
311.85033      1 
313.68798      2 
315.33451      3 
317.44518      4 
318.73235      3 
321.69724      2 
323.52218      1 
326.24281      2 
328.19848      3 
329.88165      4 
331.24622      3 
332.29295      2 
335.15749      1 
337.90099      2 
340.15923      3 
342.62283      4 
344.01398      3 
345.1689       2 
347.09152      1 
348.9368       2 
350.69206      3 
352.86057      4 
354.45887      3 
355.748        2 
357.73853      1 
360.57641      2 
363.3126       3 
366.04422      4 
367.68646      3 
369.13544      2 
371.20799      1 
373.06265      2 
375.84865      3 
378.08494      4 
380.01979      3 
381.6539       2 
383.82123      1 
386.65681      2 
388.52232      3 
390.96041      4 
393.10121      3 
394.94541      2 
396.22557      1 
398.98089      2 
401.92466      3 
404.58927      4 
406.96068      3 
409.03957      2 
411.43324      1 
413.28763      2 
414.36525      3 
417.30925      4 
419.93559      3 
422.27343      2 
424.79839      1 
426.65492      2 
428.51158      3 
429.70203      4 
432.60728      3 
435.228        2 
436.90179      1 
439.58311      2 
440.83215      3 
441.9298       4 
442.96317      3 
445.90001      2 
448.72333      1 
451.46059      2 
453.7356       3 
456.23055      4 
457.67606      3 
458.93301      2 
460.92362      1 
462.78755      2 
464.60932      3 
466.90211      4 
468.78474      3 
470.39441      2 
472.56336      1 
473.59108      2 
476.2148       3 
478.78162      4 
481.03585      3 
483.02087      2 
484.38571      1 
486.24905      2 
487.42214      3 
489.95969      4 
492.61867      3 
495.00138      2 
496.56663      1 
498.43297      2 
501.12866      3 
502.45541      4 
503.51969      3 
506.3221       2 
508.09674      1 
509.96629      2 
511.6657       3 
513.83333      4 
515.33544      3 
516.57928      2 
518.5725       1 
521.43785      2 
524.21019      3 
526.95901      4 
528.73788      3 
530.44458      2 
531.6763       1 
532.75751      2 
535.72408      3 
538.52811      4 
540.97         3 
543.16067      2 
544.63743      1 
547.32528      2 
548.51032      3 
549.57459      4 
552.53447      3 
555.22996      2 
557.95383      1 
559.83072      2 
561.70777      3 
563.4179       4 
564.88311      3 
566.10396      2 
568.09272      1 
570.96101      2 
572.84954      3 
575.09858      4 
577.10606      3 
578.87255      2 
580.14147      1 
581.25168      2 
582.26846      3 
583.82939      4 
586.6062       3 
589.02725      2 
591.57467      1 
594.26141      2 
596.40763      3 
597.72089      4 
598.87276      3 
601.7902       2 
603.63493      1 
606.40274      2 
609.16272      3 
610.96438      4 
612.71781      3 
614.24004      2 
