1.9848802      1 
3.7690186      2 
6.4216708      3 
8.0835781      4 
9.3117478      3 
12.107179      2 
14.788783      1 
16.573675      2 
17.708085      3 
19.166753      4 
21.813402      3 
24.03326       2 
26.430436      1 
28.218014      2 
31.005949      3 
33.528456      4 
35.629066      3 
37.308752      2 
39.438877      1 
42.22903       2 
44.020113      3 
46.025776      4 
47.615342      3 
48.789768      2 
51.669641      1 
53.463166      2 
55.257138      3 
56.780551      4 
57.893585      3 
60.597186      2 
62.25034       1 
64.045788      2 
65.432184      3 
67.628616      4 
70.299157      3 
72.565893      2 
74.004609      1 
75.800866      2 
78.573047      3 
81.233843      4 
83.495463      3 
85.358827      2 
87.592134      1 
88.619188      2 
91.083091      3 
93.461923      4 
95.347731      3 
96.840757      2 
97.892986      1 
99.711434      2 
102.10228      3 
104.42795      4 
105.9706       3 
107.12587      2 
109.01246      1 
110.82099      2 
112.47908      3 
113.68202      4 
114.7397       3 
117.61837      2 
120.35232      1 
122.16242      2 
123.3241       3 
124.89998      4 
127.85249      3 
130.42819      2 
133.02792      1 
135.6745       2 
137.70611      3 
138.77252      4 
141.47717      3 
143.81019      2 
145.29803      1 
147.9548       2 
149.92182      3 
152.77687      4 
155.26455      3 
157.38571      2 
158.77016      1 
161.46088      2 
162.47336      3 
165.29036      4 
167.59155      3 
169.53125      2 
171.82104      1 
173.64098      2 
176.46137      3 
178.96345      4 
181.1082       3 
182.89642      2 
184.11799      1 
185.93622      2 
188.63613      3 
191.08844      4 
193.10638      3 
194.77271      2 
196.93075      1 
199.75544      2 
202.56505      3 
205.26692      4 
207.9831       3 
209.49635      2 
210.6135       1 
212.44735      2 
215.01567      3 
217.40371      4 
219.25534      3 
220.76495      2 
221.85174      1 
224.68005      2 
226.48919      3 
228.75588      4 
230.5672       3 
232.0412       2 
234.11011      1 
235.94994      2 
237.75216      3 
240.01003      4 
241.80909      3 
243.27546      2 
244.34484      1 
247.1784       2 
248.98831      3 
250.15281      4 
252.03996      3 
253.52631      2 
255.60599      1 
258.44241      2 
260.27958      3 
262.46105      4 
264.31816      3 
265.85169      2 
266.96017      1 
269.79671      2 
272.59221      3 
274.83879      4 
276.76548      3 
278.37302      2 
279.52162      1 
282.35894      2 
284.19879      3 
286.59472      4 
288.61752      3 
290.32556      2 
291.52756      1 
293.36691      2 
296.10733      3 
298.62289      4 
300.76796      3 
302.6026       2 
303.87095      1 
306.6316       2 
309.55641      3 
312.15644      4 
314.4496       3 
316.43659      2 
317.78389      1 
319.62853      2 
320.7006       3 
323.2613       4 
324.39138      3 
326.575        2 
329.00683      1 
331.6962       2 
333.72137      3 
336.54148      4 
339.20681      3 
341.57433      2 
344.10948      1 
346.78072      2 
348.86018      3 
350.01714      4 
352.90587      3 
355.50089      2 
357.15744      1 
358.33248      2 
360.19671      3 
362.64941      4 
363.78597      3 
366.63284      2 
368.4157       1 
371.12986      2 
373.8767       3 
375.48679      4 
376.89524      3 
378.018        2 
380.93666      1 
382.79452      2 
383.93639      3 
384.97665      4 
386.70755      3 
388.12989      2 
390.20067      1 
393.06017      2 
394.92034      3 
397.22207      4 
399.24525      3 
400.99054      2 
402.2301       1 
405.01349      2 
407.94825      3 
410.58834      4 
412.9537       3 
415.04499      2 
416.46068      1 
418.32186      2 
419.57206      3 
420.57323      4 
422.91537      3 
425.41039      2 
428.00542      1 
430.68346      2 
431.92074      3 
433.30573      4 
434.4235       3 
437.27469      2 
439.07101      1 
440.93839      2 
442.65039      3 
444.81872      4 
446.3461       3 
447.61055      2 
449.61162      1 
451.48255      2 
453.31903      3 
455.65167      4 
457.61051      3 
459.31004      2 
461.53074      1 
462.60286      2 
465.24781      3 
467.92635      4 
470.33822      3 
472.49433      2 
473.95158      1 
475.13143      2 
476.20674      3 
477.22996      4 
480.17983      3 
482.87132      2 
484.56756      1 
487.26524      2 
490.04473      3 
491.62079      4 
493.00221      3 
494.13484      2 
496.0782       1 
498.90681      2 
501.67041      3 
503.50753      4 
505.40488      3 
507.05688      2 
509.26078      1 
511.13846      2 
513.01998      3 
515.70218      4 
518.13586      3 
520.32757      2 
522.80274      1 
523.98962      2 
526.48285      3 
527.7122       4 
530.70233      3 
533.45382      2 
536.21021      1 
538.93429      2 
541.21151      3 
543.75161      4 
545.2337       3 
546.56476      2 
547.61445      1 
549.5032       2 
552.15818      3 
554.67615      4 
556.83844      3 
558.76859      2 
561.11808      1 
562.27122      2 
563.45625      3 
564.46162      4 
566.66816      3 
569.23934      2 
571.89916      1 
573.7854       2 
575.67175      3 
577.30972      4 
578.72138      3 
579.90722      2 
581.8879       1 
584.75825      2 
586.663        3 
588.95084      4 
591.01545      3 
592.85737      2 
594.17358      1 
596.06009      2 
598.8753       3 
601.83155      4 
604.56765      3 
607.08411      2 
