2.1945277      1 
5.0359576      2 
6.2054985      3 
7.5389228      4 
8.8540845      3 
10.151026      2 
12.290675      1 
13.404487      2 
14.631069      3 
15.837027      4 
17.064781      3 
19.237145      2 
21.32263       1 
24.243668      2 
25.310645      3 
26.427674      4 
27.526938      3 
28.608479      2 
30.6405        1 
32.631621      2 
33.6458        3 
35.614214      4 
38.60775       3 
41.583807      2 
44.563054      1 
47.53358       2 
50.450135      3 
53.324464      4 
56.049941      3 
57.549645      2 
59.478475      1 
61.469542      2 
64.387001      3 
67.190462      4 
69.976881      3 
72.746298      2 
75.622272      1 
78.504621      2 
81.240441      3 
83.977087      4 
85.625144      3 
88.293366      2 
90.122315      1 
92.970951      2 
95.10244       3 
97.703974      4 
100.28893      3 
102.85735      2 
105.63301      1 
107.62494      2 
110.43957      3 
112.50478      4 
114.99108      3 
117.46107      2 
120.18765      1 
122.98163      2 
124.32234      3 
126.72745      4 
129.11645      3 
131.48936      2 
134.16755      1 
136.15967      2 
138.15179      3 
140.46072      4 
142.75375      3 
145.03091      2 
147.6614       1 
149.6536       2 
151.64581      3 
153.85987      4 
156.05825      3 
158.24099      2 
160.82443      1 
163.57592      2 
165.99149      3 
168.65454      4 
170.53108      3 
172.62068      2 
174.16427      1 
176.90861      2 
179.7709       3 
181.7219       4 
183.73487      3 
185.73262      2 
188.22392      1 
190.21634      2 
192.20877      3 
194.146        4 
196.06817      3 
197.97533      2 
199.42821      1 
202.1741       2 
204.4065       3 
206.25397      4 
208.08659      3 
209.90441      2 
211.3127       1 
213.3034       2 
214.93914      3 
217.29706      4 
219.04137      3 
220.77108      2 
223.12884      1 
225.89616      2 
228.15429      3 
230.89906      4 
232.51421      3 
234.15701      2 
235.4776       1 
236.69378      2 
238.64939      3 
240.14908      4 
242.44039      3 
243.99748      2 
246.26922      1 
248.26201      2 
251.06555      3 
252.54912      4 
254.03569      3 
255.50825      2 
256.74303      1 
258.7345       2 
260.13863      3 
261.46097      4 
262.7455       3 
264.74901      2 
266.93701      1 
268.08564      2 
269.39019      3 
270.64887      4 
271.89841      3 
273.92543      2 
275.07619      1 
277.06823      2 
278.33597      3 
279.582        4 
282.00399      3 
283.22986      2 
285.33632      1 
286.42681      2 
287.60818      3 
288.78458      4 
290.00544      3 
292.28644      2 
293.35488      1 
294.41568      2 
295.47361      3 
296.53959      4 
298.5372       3 
301.29484      2 
303.3219       1 
304.34231      2 
305.37325      3 
306.39572      4 
307.41477      3 
310.41412      2 
313.40226      1 
315.39586      2 
317.38948      3 
320.32743      4 
323.25264      3 
326.16513      2 
328.11602      1 
331.06232      2 
333.10239      3 
335.96431      4 
338.81367      3 
341.65049      2 
343.56435      1 
345.55763      2 
348.46663      3 
351.25358      4 
354.02814      3 
356.79032      2 
359.66499      1 
362.54841      2 
365.29035      3 
368.03499      4 
369.67732      3 
372.3659       2 
375.20382      1 
377.1979       2 
380.05229      3 
382.1295       4 
384.75751      3 
387.3735       2 
389.17907      1 
392.01476      2 
394.16353      3 
396.73168      4 
399.28793      3 
401.83232      2 
403.60271      1 
406.41815      2 
407.73067      3 
410.25343      4 
412.73891      3 
415.21269      2 
417.94346      1 
419.93778      2 
421.13556      3 
423.58489      4 
426.00057      3 
428.4047       2 
430.10606      1 
432.09881      2 
434.88005      3 
437.23829      4 
439.58512      3 
441.92057      2 
443.58806      1 
445.58078      2 
447.45825      3 
449.91251      4 
452.19145      3 
454.45916      2 
456.0932       1 
458.0859       2 
459.94004      3 
462.36477      4 
464.57674      3 
466.77764      2 
468.37865      1 
470.37134      2 
472.20041      3 
474.60062      4 
476.74654      3 
478.88155      2 
481.44352      1 
482.68779      2 
484.35012      3 
486.68309      4 
488.76388      3 
490.8339       2 
493.3635       1 
495.35816      2 
497.35283      3 
499.38003      4 
501.39658      3 
503.40251      2 
504.90684      1 
507.65097      2 
509.88962      3 
511.85331      4 
513.8065       3 
515.74922      2 
517.22211      1 
519.21494      2 
520.92747      3 
522.30679      4 
524.44289      3 
526.32326      2 
528.7584       1 
531.50989      2 
532.85538      3 
534.69467      4 
536.52375      3 
538.34264      2 
540.74714      1 
541.98597      2 
543.52922      3 
544.85465      4 
546.92347      3 
548.68172      2 
551.05601      1 
553.8196       2 
555.13352      3 
556.8518       4 
558.56015      3 
560.25859      2 
561.60943      1 
563.60264      2 
565.17532      3 
567.56067      4 
569.2099       3 
570.84936      2 
572.17058      1 
574.16392      2 
575.69826      3 
578.10428      4 
579.6952       3 
581.27648      2 
582.56844      1 
584.56192      2 
586.05661      3 
588.48826      4 
590.02167      3 
591.54558      2 
593.80307      1 
595.7982       2 
598.60816      3 
600.07905      4 
601.55574      3 
603.02306      2 
604.25752      1 
606.25133      2 
607.66272      3 
610.1606       4 
611.58136      3 
612.99287      2 
