2.1853098      1 
4.1667656      2 
6.1482803      3 
7.4082313      4 
8.6316571      3 
9.8186417      2 
10.896319      1 
12.877197      2 
13.96233       3 
15.019729      4 
17.819248      3 
20.789343      2 
23.756368      1 
25.738507      2 
27.720727      3 
30.547887      4 
33.339518      3 
36.095703      2 
38.955845      1 
41.818654      2 
44.499797      3 
45.981055      4 
48.56123       3 
51.106446      2 
52.86589       1 
54.847322      2 
56.757991      3 
59.267633      4 
61.639258      3 
63.976405      2 
66.627569      1 
69.388057      2 
70.751122      3 
72.951147      4 
75.117088      3 
77.249025      2 
79.797956      1 
81.038452      2 
82.666959      3 
84.955652      4 
86.918737      3 
88.848284      2 
91.296406      1 
92.535318      2 
95.133196      3 
96.929366      4 
98.692382      3 
100.42232      2 
101.77737      1 
102.99836      2 
104.95247      3 
106.44622      4 
108.71193      3 
110.24501      2 
112.49556      1 
114.47918      2 
115.64673      3 
116.77004      4 
117.8687       3 
119.52016      2 
121.67385      1 
123.65768      2 
124.76323      3 
126.65128      4 
127.83044      3 
128.97787      2 
130.03762      1 
132.021        2 
133.07922      3 
134.10999      4 
137.10932      3 
140.06789      2 
142.03229      1 
144.98218      2 
146.06211      3 
148.8967       4 
151.69988      3 
154.47218      2 
157.34268      1 
159.32745      2 
161.31225      3 
163.96181      4 
166.58086      3 
169.16947      2 
171.94829      1 
174.7626       2 
177.34739      3 
178.95061      4 
181.38806      3 
183.79549      2 
185.48937      1 
187.47297      2 
189.3496       3 
191.79636      4 
194.05471      3 
196.28346      2 
197.88911      1 
199.87263      2 
201.68523      3 
204.06214      4 
206.14385      3 
208.19636      2 
209.71466      1 
212.45418      2 
213.8131       3 
215.9533       4 
217.86081      3 
219.73951      2 
221.17128      1 
222.40997      2 
224.43693      3 
225.97274      4 
227.29926      3 
229.2911       2 
231.6308       1 
234.40141      2 
236.63428      3 
238.12662      4 
239.69285      3 
241.23108      2 
243.4865       1 
246.2926       2 
248.47085      3 
249.84649      4 
251.2456       3 
252.61709      2 
253.79361      1 
254.93218      2 
256.82482      3 
259.64426      4 
260.87854      3 
262.08558      2 
264.17571      1 
266.16203      2 
268.14841      3 
269.24707      4 
270.31879      3 
271.36363      2 
273.37268      1 
275.35937      2 
278.34174      3 
281.27971      4 
284.1911       3 
287.07599      2 
289.00659      1 
291.9284       2 
293.97886      3 
296.75833      4 
299.5116       3 
302.23873      2 
305.08897      1 
307.0761       2 
309.06326      3 
311.68642      4 
314.28374      3 
316.85528      2 
319.62789      1 
321.61521      2 
324.4224       3 
326.47485      4 
328.91836      3 
331.33644      2 
333.03785      1 
335.02374      2 
336.90958      3 
339.37232      4 
341.66413      3 
343.93087      2 
345.55759      1 
348.31229      2 
349.68121      3 
351.95219      4 
354.0944       3 
356.21188      2 
357.76471      1 
359.75054      2 
361.52327      3 
363.8801       4 
365.87476      3 
367.84502      2 
369.32472      1 
371.31064      2 
373.01255      3 
374.38553      4 
376.49907      3 
378.32415      2 
380.72483      1 
382.71278      2 
384.70076      3 
386.43015      4 
388.13576      3 
389.81765      2 
391.15322      1 
392.37129      2 
394.32434      3 
395.81958      4 
398.10022      3 
399.64088      2 
400.90538      1 
402.09534      2 
404.01024      3 
406.72354      4 
408.14799      3 
409.54936      2 
411.73883      1 
413.72719      2 
415.71559      3 
417.02517      4 
418.31194      3 
419.57594      2 
420.70009      1 
422.68765      2 
423.89042      3 
425.07909      4 
427.61392      3 
428.74244      2 
430.79564      1 
432.78439      2 
434.77318      3 
435.81242      4 
436.82946      3 
439.82436      2 
441.81104      1 
443.80008      2 
445.7881       3 
448.69663      4 
451.58159      3 
454.4447       2 
456.36692      1 
458.35568      2 
461.26363      3 
464.0399       4 
466.79459      3 
469.52773      2 
472.38329      1 
474.37271      2 
476.36215      3 
479.00965      4 
481.63585      3 
484.24081      2 
486.03643      1 
488.86247      2 
491.01158      3 
493.53206      4 
496.03155      3 
498.51009      2 
500.24355      1 
501.43577      2 
503.89705      3 
505.32736      4 
506.45479      3 
508.82651      2 
510.49852      1 
513.26769      2 
514.6289       3 
516.97254      4 
519.2238       3 
521.45468      2 
523.06596      1 
525.05407      2 
527.80533      3 
529.95517      4 
532.08487      3 
534.19447      2 
536.73918      1 
537.98316      2 
539.62362      3 
540.92042      4 
543.06591      3 
545.05589      2 
546.5477       1 
549.28976      2 
550.64713      3 
551.83445      4 
553.84874      3 
555.72075      2 
557.15379      1 
559.90125      2 
561.23574      3 
563.32241      4 
565.09735      3 
566.85302      2 
569.22142      1 
570.44913      2 
573.06109      3 
574.74007      4 
576.4          3 
578.04092      2 
579.35824      1 
581.34696      2 
582.86201      3 
584.22125      4 
585.49195      3 
587.4238       2 
589.6786       1 
591.66912      2 
593.65967      3 
595.11283      4 
596.54745      3 
597.96358      2 
