1.1216515      1 
2.1532971      2 
3.9628082      3 
6.7398731      4 
9.3556572      3 
11.745457      2 
14.356121      1 
16.27238       2 
17.482193      3 
19.37026       4 
20.923166      3 
22.309848      2 
24.420507      1 
25.445612      2 
28.21105       3 
30.950213      4 
33.511504      3 
35.908856      2 
37.531647      1 
39.448726      2 
41.122413      3 
43.361127      4 
44.944432      3 
46.366052      2 
48.496464      1 
49.540437      2 
52.5351        3 
55.313693      4 
57.932455      3 
60.391752      2 
62.047425      1 
63.966881      2 
65.676838      3 
67.921921      4 
69.589395      3 
71.099598      2 
73.276535      1 
76.116987      2 
78.120117      3 
80.985512      4 
83.714776      3 
86.288929      2 
88.003513      1 
90.74102       2 
93.539957      3 
95.377083      4 
97.18103       3 
98.831999      2 
100.08691      1 
102.0084       2 
104.84912      3 
105.8917       4 
108.78304      3 
111.52352      2 
114.31819      1 
117.09343      2 
119.5208       3 
122.07564      4 
123.79327      3 
125.63577      2 
126.98936      1 
128.91308      2 
130.27489      3 
132.71588      4 
133.81949      3 
136.77634      2 
138.68339      1 
141.53112      2 
143.53565      3 
145.90885      4 
148.13698      3 
150.22036      2 
152.6899       1 
153.9015       2 
155.33837      3 
157.5042       4 
158.86888      3 
160.0908       2 
162.13067      1 
164.06113      2 
165.98619      3 
168.65849      4 
171.17158      3 
173.54389      2 
175.16571      1 
176.37418      2 
178.45125      3 
179.91709      4 
182.00612      3 
183.54048      2 
184.74341      1 
187.56664      2 
189.60034      3 
192.58248      4 
195.42737      3 
198.1353       2 
199.92479      1 
201.8561       2 
203.69163      3 
206.04054      4 
208.06848      3 
209.96135      2 
211.34712      1 
212.54458      2 
214.37922      3 
217.03567      4 
218.25789      3 
219.34689      2 
222.32488      1 
225.23671      2 
227.92073      3 
230.51339      4 
233.06598      3 
234.89613      2 
236.48488      1 
238.41795      2 
241.13196      3 
242.90567      4 
244.54952      3 
246.06379      2 
247.26122      1 
249.19452      2 
250.32554      3 
253.06301      4 
255.93395      3 
258.67706      2 
261.48457      1 
263.42112      2 
266.18283      3 
268.98726      4 
270.92388      3 
272.90641      2 
274.34159      1 
276.27686      2 
279.01869      3 
280.49999      4 
281.8567       3 
283.08912      2 
285.14346      1 
288.08144      2 
291.01166      3 
293.88328      4 
296.69488      3 
298.7354       2 
300.42573      1 
303.16638      2 
305.29866      3 
307.30372      4 
309.18759      3 
310.95056      2 
313.27196      1 
315.21168      2 
317.15151      3 
318.43363      4 
319.59623      3 
320.63958      2 
322.60253      1 
325.50889      2 
328.37195      3 
330.36648      4 
332.81772      3 
335.15136      2 
337.75935      1 
339.70094      2 
342.42112      3 
344.17024      4 
345.91989      3 
347.55356      2 
349.81282      1 
350.96335      2 
352.20297      3 
353.33842      4 
354.39835      3 
357.37441      2 
360.2888       1 
363.15645      2 
365.77983      3 
367.22231      4 
369.5976       3 
371.86006      2 
373.44125      1 
375.3835       2 
377.07817      3 
379.35569      4 
381.05793      3 
382.6489       2 
384.88917      1 
387.6932       2 
388.81681      3 
389.96525      4 
391.00369      3 
393.93239      2 
395.84375      1 
398.71153      2 
400.73288      3 
403.22514      4 
405.6089       3 
407.88444      2 
410.46809      1 
412.41432      2 
414.3606       3 
416.20568      4 
417.94378      3 
419.57512      2 
420.84344      1 
422.78821      2 
425.60843      3 
426.81524      4 
427.91653      3 
430.91254      2 
432.8591       1 
434.80701      2 
436.73778      3 
439.35203      4 
441.82527      3 
444.19468      2 
445.83333      1 
448.56602      2 
450.72435      3 
452.68081      4 
454.53464      3 
456.28606      2 
458.61092      1 
459.79699      2 
462.3999       3 
463.74405      4 
464.98697      3 
466.12889      2 
468.14953      1 
471.09916      2 
473.04905      3 
475.7893       4 
478.42972      3 
480.97052      2 
483.69096      1 
485.64155      2 
487.59219      3 
489.73685      4 
491.78304      3 
493.73098      2 
495.16273      1 
497.11185      2 
498.65898      3 
500.98954      4 
502.44967      3 
503.81291      2 
505.94646      1 
507.02139      2 
509.82062      3 
512.79852      4 
515.68065      3 
518.46721      2 
520.3157       1 
523.14435      2 
525.975        3 
528.02442      4 
530.33649      3 
532.55431      2 
535.11612      1 
537.84274      2 
540.15149      3 
542.80292      4 
544.45956      3 
546.11645      2 
548.3988       1 
550.35241      2 
551.498        3 
552.58915      4 
554.2603       3 
555.36397      2 
556.37029      1 
558.32733      2 
561.16745      3 
563.93218      4 
566.58065      3 
569.13871      2 
570.87721      1 
573.64757      2 
575.78275      3 
577.98124      4 
580.09035      3 
582.1103       2 
584.57584      1 
585.80169      2 
587.30212      3 
589.50677      4 
591.08394      3 
592.57316      2 
594.7742       1 
596.73027      2 
598.68647      3 
599.82594      4 
600.87848      3 
603.84428      2 
605.7851       1 
607.74209      2 
609.68382      3 
612.33509      4 
614.8702       3 
617.31977      2 
