2.1230613      1 
4.0424126      2 
6.9620868      3 
9.7260932      4 
12.330302      3 
14.77508       2 
17.417738      1 
19.338545      2 
21.259425      3 
23.070148      4 
24.72327       3 
26.219153      2 
27.393179      1 
29.312467      2 
30.34065       3 
33.115392      4 
35.84528       3 
38.40531       2 
41.107706      1 
43.030698      2 
44.953779      3 
46.897064      4 
48.68705       3 
50.324089      2 
52.566603      1 
55.364315      2 
57.417323      3 
58.444753      4 
61.322333      3 
64.049069      2 
65.840982      1 
67.765453      2 
69.589468      3 
71.916951      4 
73.894665      3 
75.723608      2 
78.064085      1 
79.989956      2 
81.915951      3 
83.153232      4 
84.243448      3 
87.186939      2 
90.085264      1 
92.012325      2 
93.939608      3 
96.299568      4 
98.514486      3 
100.58469      2 
103.04767      1 
104.97566      2 
106.1703       3 
107.27378      4 
108.88168      3 
110.09061      2 
111.12499      1 
113.05649      2 
115.85197      3 
118.53609      4 
121.03634      3 
123.39582      2 
125.01131      1 
126.22087      2 
128.28922      3 
129.75459      4 
131.84459      3 
133.36631      2 
135.55821      1 
136.65854      2 
137.75705      3 
140.3445       4 
143.17871      3 
145.87418      2 
148.65332      1 
150.58534      2 
153.33104      3 
155.21908      4 
157.23469      3 
159.11526      2 
160.49487      1 
162.42554      2 
163.8477       3 
166.24107      4 
167.45113      3 
168.52801      2 
171.49993      1 
173.43362      2 
176.28714      3 
179.10937      4 
181.11347      3 
183.3977       2 
185.97417      1 
187.90891      2 
189.8437       3 
191.60556      4 
193.23757      3 
194.74005      2 
195.93149      1 
198.76345      2 
200.79787      3 
203.78515      4 
206.64438      3 
209.37585      2 
211.18143      1 
213.11736      2 
214.97091      3 
217.35152      4 
219.44858      3 
221.41963      2 
223.84242      1 
225.77968      2 
226.9704       3 
228.07717      4 
229.70586      3 
230.92696      2 
232.97564      1 
234.91446      2 
237.8404       3 
240.56725      4 
243.17126      3 
245.6527       2 
248.33204      1 
250.2712       2 
252.21042      3 
254.20442      4 
256.07726      3 
257.82921      2 
259.15127      1 
261.08896      2 
263.87999      3 
265.1512       4 
266.30292      3 
267.33541      2 
269.29305      1 
272.19475      2 
273.31266      3 
275.87604      4 
278.31655      3 
280.63948      2 
282.2483       1 
284.971        2 
286.29628      3 
288.34801      4 
290.08708      3 
291.71019      2 
293.96418      1 
295.11185      2 
297.76578      3 
298.9277       4 
299.97497      3 
302.90788      2 
305.81707      1 
307.76023      2 
310.58499      3 
313.4038       4 
315.43033      3 
317.68253      2 
319.25863      1 
320.47907      2 
322.54112      3 
324.02495      4 
326.14706      3 
327.7279       2 
329.96311      1 
331.90759      2 
333.01025      3 
334.06194      4 
335.07372      3 
338.01901      2 
340.92342      1 
343.78556      2 
346.40312      3 
349.00265      4 
351.61836      3 
353.50475      2 
355.08982      1 
357.03436      2 
358.73838      3 
361.01999      4 
362.74834      3 
364.36996      2 
366.62782      1 
367.78104      2 
370.43223      3 
371.62941      4 
372.72109      3 
375.70751      2 
377.64939      1 
379.59728      2 
382.4514       3 
385.01922      4 
387.48298      3 
389.84294      2 
392.47094      1 
395.20377      2 
396.53932      3 
398.48642      4 
400.3309       3 
402.07299      2 
404.3932       1 
406.34214      2 
408.29117      3 
409.62608      4 
410.85978      3 
411.99251      2 
414.00855      1 
416.9582       2 
419.87571      3 
422.75026      4 
425.57969      3 
427.66172      2 
429.38271      1 
431.33208      2 
434.07545      3 
436.21112      4 
438.24834      3 
440.18734      2 
441.61463      1 
443.56375      2 
445.10529      3 
447.43903      4 
448.89032      3 
450.24474      2 
451.37731      1 
452.45281      2 
454.2885       3 
457.21938      4 
460.09439      3 
462.87226      2 
464.71648      1 
467.54234      2 
470.37187      3 
472.42057      4 
474.72404      3 
476.93328      2 
479.49081      1 
481.44399      2 
483.39721      3 
485.23172      4 
486.97308      3 
488.62151      2 
489.90543      1 
491.07872      2 
492.91562      3 
494.21571      4 
495.45459      3 
497.66122      2 
498.66323      1 
500.62056      2 
503.45325      3 
506.21206      4 
508.85228      3 
511.40211      2 
513.13656      1 
514.31921      2 
516.65736      3 
518.1065       4 
520.34036      3 
522.35218      2 
524.81368      1 
526.76931      2 
528.72499      3 
530.38226      4 
531.9514       3 
533.43262      2 
534.63437      1 
536.5887       2 
537.8076       3 
538.94409      4 
541.44403      3 
544.40194      2 
546.33889      1 
548.29586      2 
550.23661      3 
551.36998      4 
553.90484      3 
556.34662      2 
559.02461      1 
560.98219      2 
563.72324      3 
566.55321      4 
568.46526      3 
570.39801      2 
571.82909      1 
574.56294      2 
576.73844      3 
578.33574      4 
579.84965      3 
581.28037      2 
582.45884      1 
583.57485      2 
585.41055      3 
586.54493      4 
587.60387      3 
590.59345      2 
593.52013      1 
596.41258      2 
599.11052      3 
601.7639       4 
604.38124      3 
606.25843      2 
