2.0676835      1 
3.9372359      2 
5.7851545      3 
8.1810285      4 
10.234821      3 
12.019861      2 
13.284163      1 
15.147214      2 
18.004026      3 
20.722477      4 
23.17301       3 
25.358483      2 
26.825756      1 
28.005079      2 
29.71143       3 
32.381659      4 
35.250968      3 
37.85886       2 
39.537716      1 
42.227922      2 
44.272486      3 
45.840722      4 
47.15054       3 
48.202534      2 
50.101889      1 
51.974393      2 
54.697328      3 
56.723956      4 
58.495717      3 
60.013199      2 
62.145355      1 
63.150077      2 
65.795481      3 
68.355443      4 
70.610288      3 
72.614349      2 
74.991452      1 
76.149495      2 
77.343733      3 
79.616787      4 
82.375565      3 
84.887005      2 
87.519154      1 
89.396235      2 
90.586022      3 
92.335355      4 
93.618628      3 
94.657964      2 
96.557904      1 
99.356796      2 
101.31341      3 
103.3826       4 
105.21065      3 
106.79811      2 
107.97643      1 
110.80774      2 
113.73263      3 
116.36328      4 
118.75611      3 
120.91165      2 
123.37112      1 
124.55639      2 
125.86672      3 
126.98698      4 
128.90358      3 
131.64793      2 
133.40713      1 
136.13274      2 
138.17017      3 
139.9828       4 
141.56409      3 
142.91458      2 
144.97484      1 
146.86373      2 
148.73767      3 
151.22045      4 
153.42489      3 
155.4017       2 
156.78324      1 
159.50158      2 
161.55023      3 
162.62175      4 
165.46826      3 
168.09027      2 
169.7943       1 
170.96926      2 
173.02118      3 
175.42967      4 
176.93691      3 
178.22274      2 
179.2563       1 
182.14603      2 
184.97275      3 
187.37801      4 
189.56439      3 
191.53241      2 
192.91418      1 
195.6342       2 
196.77724      3 
198.59437      4 
201.47806      3 
204.14637      2 
205.87776      1 
208.5996       2 
211.37859      3 
213.09612      4 
214.69501      3 
216.08149      2 
217.17145      1 
219.06571      2 
221.83016      3 
224.42947      4 
226.76122      3 
228.88348      2 
231.34017      1 
233.23594      2 
235.13182      3 
236.42093      4 
237.50296      3 
240.37837      2 
243.21273      1 
245.98651      2 
248.37343      3 
249.9029       4 
251.75238      3 
253.39809      2 
255.61959      1 
256.71401      2 
257.74783      3 
260.27755      4 
262.93349      3 
265.3664       2 
267.98243      1 
269.88256      2 
271.78278      3 
273.41643      4 
274.85141      3 
276.08818      2 
278.10775      1 
280.01158      2 
281.89826      3 
284.39913      4 
286.65169      3 
288.70877      2 
290.14658      1 
292.04718      2 
293.45798      3 
294.65412      4 
296.74961      3 
299.64321      2 
302.49356      1 
304.39774      2 
307.1396       3 
308.98677      4 
310.92302      3 
312.66914      2 
314.94761      1 
316.08133      2 
317.23073      3 
319.66249      4 
322.46508      3 
325.07948      2 
327.79286      1 
330.52026      2 
332.82886      3 
334.37198      4 
336.05517      3 
337.55341      2 
338.71454      1 
340.61975      2 
343.50309      3 
346.27173      4 
348.85155      3 
351.24897      2 
353.85652      1 
356.56192      2 
357.85484      3 
359.52679      4 
361.01842      3 
362.33014      2 
363.39837      1 
366.30704      2 
368.21543      3 
370.83482      4 
373.25321      3 
375.49417      2 
378.02608      1 
379.93786      2 
381.84972      3 
383.38502      4 
384.74492      3 
385.92983      2 
387.935        1 
389.84937      2 
391.74861      3 
394.28386      4 
396.59982      3 
398.74319      2 
401.22881      1 
403.93673      2 
406.11474      3 
407.48682      4 
408.77319      3 
409.88934      2 
411.86304      1 
414.75433      2 
417.58359      3 
419.5232       4 
421.79413      3 
423.89718      2 
425.37171      1 
427.28622      2 
430.01423      3 
431.44963      4 
432.71907      3 
433.82295      2 
435.7929       1 
437.71135      2 
439.60742      3 
440.76329      4 
443.06644      3 
445.18487      2 
446.66935      1 
447.87794      2 
449.7541       3 
451.13479      4 
452.35907      3 
454.2709       2 
456.26396      1 
458.18481      2 
461.032        3 
463.53804      4 
465.88486      3 
468.07285      2 
470.58759      1 
473.29645      2 
474.5735       3 
476.1298       4 
477.52907      3 
478.7717       2 
479.81629      1 
481.74056      2 
484.52826      3 
487.19417      4 
489.65892      3 
491.96917      2 
494.54711      1 
497.25785      2 
499.51049      3 
501.01797      4 
502.56104      3 
503.95174      2 
505.07455      1 
506.99631      2 
509.89129      3 
512.68249      4 
515.31655      3 
517.80032      2 
519.47263      1 
521.39672      2 
523.1318       3 
525.39023      4 
527.12778      3 
528.7171       2 
529.94319      1 
531.86706      2 
533.01567      3 
535.717        4 
538.57035      3 
541.27751      2 
543.06208      1 
544.98881      2 
546.81255      3 
549.14159      4 
551.12289      3 
552.96002      2 
555.30688      1 
556.48762      2 
557.79694      3 
560.07039      4 
561.19164      3 
564.17069      2 
566.09087      1 
568.95079      2 
570.94792      3 
573.36148      4 
575.63449      3 
577.76726      2 
579.27036      1 
581.98205      2 
583.26331      3 
585.19742      4 
586.63385      3 
587.93197      2 
589.01453      1 
590.9435       2 
593.82242      3 
596.58429      4 
599.19564      3 
601.67058      2 
