1.0245485      1 
3.8464088      2 
6.5633327      3 
8.5375014      4 
10.155549      3 
11.418295      2 
13.373336      1 
16.160559      2 
18.863556      3 
20.524095      4 
22.022578      3 
23.170643      2 
25.071809      1 
26.898698      2 
29.571674      3 
31.326124      4 
32.734175      3 
33.796625      2 
36.655178      1 
38.483326      2 
40.311834      3 
41.999823      4 
43.346174      3 
44.351675      2 
46.187481      1 
48.905931      2 
50.845501      3 
52.495432      4 
53.808421      3 
56.785243      2 
59.605667      1 
61.438549      2 
63.271725      3 
64.91161       4 
66.219184      3 
69.195212      2 
71.021088      1 
72.856636      2 
74.523953      3 
76.632013      4 
77.961735      3 
78.964469      2 
81.802435      1 
83.639865      2 
85.477609      3 
87.179904      4 
88.55896       3 
89.615521      2 
91.485429      1 
92.577557      2 
94.722754      3 
97.044018      4 
98.499218      3 
99.636356      2 
101.548        1 
104.32152      2 
107.04258      3 
108.73763      4 
110.29541      3 
111.53951      2 
113.50576      1 
115.35131      2 
117.13146      3 
119.33274      4 
121.01919      3 
122.39626      2 
124.43056      1 
126.28199      2 
128.09378      3 
130.36951      4 
132.21035      3 
133.74606      2 
135.86195      1 
137.71438      2 
139.55349      3 
141.94097      4 
143.96156      3 
145.68122      2 
147.89123      1 
149.74124      2 
152.59173      3 
155.11458      4 
157.33995      3 
159.26851      2 
160.59113      1 
162.44034      2 
163.48299      3 
166.07327      4 
168.58131      3 
170.7434       2 
173.17853      1 
174.34279      2 
176.82971      3 
179.82766      4 
182.53626      3 
184.95616      2 
186.5284       1 
189.19795      2 
191.23506      3 
192.50682      4 
195.4932       3 
198.19486      2 
200.90338      1 
203.59493      2 
205.78297      3 
207.18486      4 
208.47269      3 
209.47971      2 
212.34288      1 
215.1016       2 
217.41011      3 
218.88621      4 
220.49884      3 
221.83452      2 
223.86429      1 
225.73087      2 
227.56525      3 
229.90258      4 
231.86304      3 
233.55035      2 
235.75805      1 
236.81545      2 
239.44204      3 
242.06465      4 
244.39564      3 
246.45724      2 
248.85381      1 
251.56102      2 
253.59816      3 
256.59747      4 
259.20052      3 
261.65875      2 
264.25519      1 
266.12312      2 
268.81304      3 
270.18364      4 
271.32258      3 
274.19949      2 
276.01071      1 
277.88046      2 
279.60874      3 
281.78769      4 
283.36343      3 
284.68074      2 
286.71056      1 
288.58598      2 
291.38029      3 
293.6698       4 
295.70383      3 
297.48298      2 
298.7513       1 
299.85588      2 
300.86244      3 
303.73082      4 
306.42729      3 
308.68942      2 
310.20172      1 
311.39095      2 
313.15793      3 
314.39945      4 
315.41634      3 
318.33128      2 
321.09029      1 
322.9671       2 
325.65695      3 
327.3099       4 
328.84478      3 
330.13514      2 
331.15914      1 
333.04506      2 
335.64307      3 
338.1288       4 
340.20499      3 
342.04003      2 
344.33751      1 
345.46313      2 
346.55902      3 
348.95654      4 
351.60923      3 
354.00895      2 
356.59005      1 
358.47182      2 
360.35369      3 
361.80751      4 
363.02621      3 
366.01034      2 
368.88513      1 
370.7685       2 
373.49613      3 
375.29202      4 
377.11136      3 
378.69936      2 
379.88263      1 
380.93823      2 
383.87809      3 
386.68237      4 
389.12159      3 
391.33264      2 
393.82436      1 
396.51802      2 
398.64391      3 
399.90027      4 
400.97833      3 
403.83136      2 
405.64901      1 
407.53706      2 
409.30696      3 
411.53822      4 
413.27384      3 
414.78752      2 
415.9377       1 
417.82407      2 
420.64693      3 
423.30388      4 
425.7155       3 
427.90823      2 
430.39542      1 
431.59007      2 
432.95251      3 
435.07646      4 
436.18229      3 
439.07223      2 
441.90922      1 
443.80193      2 
445.69486      3 
447.72624      4 
449.54421      3 
451.14927      2 
453.34588      1 
454.41949      2 
457.12339      3 
459.88482      4 
462.43264      3 
464.77047      2 
467.33454      1 
470.02887      2 
472.21325      3 
473.60466      4 
474.89979      3 
475.98782      2 
477.92969      1 
480.77668      2 
482.72261      3 
484.987        4 
487.04665      3 
488.90205      2 
490.23431      1 
492.13015      2 
494.93005      3 
495.97312      4 
498.81429      3 
501.454        2 
503.17813      1 
505.0772       2 
506.79991      3 
508.07873      4 
509.97344      3 
511.41418      2 
513.53569      1 
515.43659      2 
517.33997      3 
520.00353      4 
522.45772      3 
524.71596      2 
526.25384      1 
528.94947      2 
530.20828      3 
532.07333      4 
533.35859      3 
534.45058      2 
537.40004      1 
540.25832      2 
541.40395      3 
543.72737      4 
545.85975      3 
547.80153      2 
550.17752      1 
552.08261      2 
553.98784      3 
555.17161      4 
558.16697      3 
560.97434      2 
563.78396      1 
564.92039      2 
567.56375      3 
569.62353      4 
571.49749      3 
573.18605      2 
574.44362      1 
576.34876      2 
579.19703      3 
582.14827      4 
584.91624      3 
587.50137      2 
590.20246      1 
592.92762      2 
594.22572      3 
596.08366      4 
597.76085      3 
599.25771      2 
