2.9983886      1 
5.7887862      2 
8.0292457      3 
9.4040137      4 
10.769787      3 
13.730153      2 
15.512045      1 
17.310691      2 
19.947779      3 
21.295834      4 
24.24313       3 
26.790591      2 
29.364754      1 
32.005223      2 
34.003269      3 
36.752441      4 
39.314501      3 
41.482221      2 
43.869529      1 
44.987289      2 
47.474982      3 
50.075858      4 
52.285465      3 
54.106153      2 
56.322781      1 
58.128954      2 
59.940491      3 
62.274579      4 
64.164068      3 
65.669983      2 
67.731753      1 
69.550055      2 
71.314414      3 
73.476112      4 
75.077371      3 
76.300327      2 
79.222902      1 
81.034676      2 
83.701055      3 
85.275549      4 
86.620028      3 
89.591406      2 
91.394591      1 
94.084552      2 
96.020015      3 
97.507558      4 
98.626277      3 
101.37702      2 
104.06858      1 
106.72721      2 
108.81166      3 
111.43898      4 
114.30294      3 
116.86357      2 
118.4689       1 
119.6364       2 
121.32021      3 
122.43292      4 
125.36419      3 
127.76481      2 
129.29313      1 
131.11315      2 
132.40148      3 
135.3942       4 
138.01751      3 
140.28782      2 
141.75364      1 
143.57561      2 
146.31892      3 
149.1853       4 
151.70273      3 
153.87199      2 
156.28307      1 
158.96943      2 
160.94261      3 
163.66423      4 
166.10471      3 
168.20181      2 
170.57924      1 
173.27951      2 
174.31258      3 
177.04409      4 
179.43616      3 
181.48958      2 
182.85398      1 
184.68238      2 
185.72426      3 
188.26376      4 
190.70651      3 
192.74434      2 
194.10324      1 
196.81119      2 
198.76456      3 
201.47408      4 
203.85343      3 
205.90337      2 
207.27065      1 
209.10372      2 
210.16905      3 
212.70575      4 
215.17788      3 
217.26726      2 
218.65659      1 
219.79633      2 
220.82718      3 
222.2311       4 
224.95443      3 
227.24224      2 
228.66706      1 
229.82036      2 
231.41639      3 
234.14902      4 
236.73403      3 
238.98275      2 
241.44951      1 
242.61523      2 
245.07921      3 
248.07115      4 
250.7507       3 
253.11858      2 
254.65358      1 
257.31848      2 
259.33718      3 
260.46556      4 
263.28584      3 
265.79875      2 
268.40171      1 
269.58079      2 
272.03141      3 
273.32184      4 
276.30842      3 
278.99184      2 
281.68207      1 
284.36269      2 
286.51844      3 
287.8704       4 
289.04848      3 
291.92756      2 
293.72171      1 
295.57307      2 
297.24877      3 
299.38337      4 
300.7778       3 
301.87734      2 
303.78189      1 
306.56106      2 
309.29352      3 
311.02746      4 
312.66275      3 
314.00722      2 
316.03445      1 
317.89423      2 
319.71767      3 
320.88998      4 
322.85478      3 
324.46829      2 
325.63637      1 
328.47181      2 
330.34783      3 
332.85236      4 
335.04159      3 
336.94794      2 
339.26023      1 
340.37906      2 
341.43032      3 
343.79776      4 
346.33682      3 
348.55947      2 
350.03835      1 
351.89743      2 
353.23719      3 
355.59778      4 
358.43503      3 
360.99711      2 
363.64068      1 
364.8216       2 
366.2615       3 
368.29282      4 
369.48855      3 
372.4129       2 
375.2394       1 
377.98208      2 
379.22203      3 
381.06708      4 
382.64386      3 
383.95298      2 
385.97409      1 
387.84454      2 
390.62605      3 
392.8707       4 
394.85078      3 
396.56687      2 
398.79353      1 
400.66197      2 
402.53434      3 
405.20603      4 
407.61135      3 
409.75632      2 
412.19901      1 
413.37428      2 
414.63554      3 
416.80448      4 
419.65668      3 
422.25212      2 
424.92151      1 
426.79392      2 
428.66645      3 
430.24071      4 
431.56115      3 
432.62834      2 
435.5354       1 
438.33411      2 
439.52697      3 
441.58703      4 
443.39675      3 
444.95671      2 
446.11636      1 
447.98858      2 
450.78107      3 
453.38579      4 
455.70556      3 
457.77901      2 
460.19298      1 
461.36457      2 
462.61115      3 
463.67278      4 
466.60588      3 
469.21324      2 
471.89549      1 
473.77478      2 
476.46064      3 
478.02251      4 
479.42354      3 
480.58497      2 
482.54693      1 
485.39478      2 
488.16942      3 
490.02479      4 
491.99646      3 
493.73183      2 
494.98738      1 
497.76564      2 
499.74668      3 
502.54225      4 
505.10422      3 
507.43313      2 
508.98774      1 
510.18325      2 
512.02339      3 
514.55178      4 
515.72341      3 
518.66519      2 
521.52115      1 
522.62803      2 
524.28118      3 
525.47937      4 
527.39124      3 
528.96495      2 
530.14333      1 
532.02736      2 
534.86872      3 
537.55663      4 
540.00467      3 
542.22912      2 
543.73647      1 
545.62336      2 
547.08651      3 
548.29593      4 
550.29007      3 
553.18381      2 
555.0237       1 
556.91414      2 
558.70322      3 
560.95626      4 
562.75505      3 
564.33637      2 
566.51883      1 
568.41039      2 
570.30496      3 
573.02582      4 
575.52724      3 
577.81417      2 
580.35059      1 
582.24394      2 
583.4285       3 
585.16441      4 
586.38628      3 
587.39662      2 
589.29819      1 
591.19351      2 
593.02613      3 
595.3491       4 
597.30902      3 
599.0603       2 
600.33786      1 
602.23133      2 
603.3596       3 
606.00162      4 
608.72529      3 
611.23483      2 
