1.2015313      1 
2.3616438      2 
3.4929377      3 
5.351647       4 
8.0594452      3 
9.3838754      2 
11.539553      1 
14.40699       2 
15.545523      3 
16.815606      4 
18.07218       3 
19.315276      2 
21.430344      1 
23.423507      2 
25.416701      3 
26.606196      4 
27.782369      3 
28.945249      2 
31.020242      1 
32.08457       2 
33.210603      3 
34.338803      4 
36.964312      3 
38.048079      2 
40.083522      1 
42.076939      2 
43.098907      3 
45.064698      4 
46.083368      3 
47.089109      2 
49.085602      1 
52.075608      2 
54.072675      3 
57.026995      4 
59.968534      3 
62.897321      2 
65.855238      1 
68.807931      2 
69.892436      3 
72.770509      4 
75.635977      3 
78.488868      2 
80.410594      1 
82.403909      2 
84.389357      3 
87.20204       4 
89.992482      3 
92.77052       2 
94.655585      1 
96.648766      2 
98.626318      3 
101.37459      4 
104.09104      3 
106.79525      2 
108.64412      1 
109.7712       2 
112.45666      3 
113.73721      4 
116.39103      3 
119.02243      2 
120.83557      1 
123.67595      2 
124.95235      3 
127.55037      4 
130.12186      3 
132.68146      2 
135.45503      1 
138.27371      2 
140.88004      3 
143.56194      4 
145.40187      3 
147.89064      2 
149.63368      1 
152.43513      2 
153.76629      3 
156.24308      4 
158.67358      3 
161.09251      2 
163.79594      1 
165.79031      2 
167.78469      3 
170.15758      4 
172.51904      3 
174.86908      2 
176.54377      1 
179.31694      2 
181.52705      3 
183.83169      4 
186.12505      3 
188.40715      2 
191.04239      1 
192.27238      2 
194.94726      3 
197.18458      4 
199.41078      3 
201.62587      2 
204.22772      1 
206.22228      2 
207.46084      3 
209.70018      4 
211.86013      3 
214.00914      2 
216.57807      1 
218.57268      2 
220.56729      3 
222.67274      4 
224.76737      3 
226.85119      2 
229.38766      1 
231.38232      2 
233.37698      3 
235.41785      4 
237.44804      3 
239.46759      2 
240.97868      1 
243.72284      2 
245.09135      3 
247.26094      4 
249.22759      3 
251.18374      2 
252.66331      1 
255.40812      2 
256.76761      3 
258.90786      4 
260.81183      3 
262.70545      2 
264.15387      1 
266.90131      2 
269.13679      3 
270.9892       4 
272.83137      3 
274.66332      2 
277.07432      1 
278.31435      2 
279.8631       3 
281.18814      4 
283.25892      3 
285.03005      2 
286.41729      1 
289.17557      2 
291.40056      3 
293.13161      4 
294.85269      3 
296.56384      2 
298.91466      1 
300.90961      2 
302.90457      3 
304.57618      4 
306.23797      3 
307.88995      2 
310.21129      1 
312.20629      2 
314.20131      3 
315.81431      4 
317.41761      3 
319.01125      2 
320.30943      1 
322.30288      2 
325.0936       3 
326.64879      4 
328.19441      3 
329.73051      2 
330.9997       1 
332.19701      2 
333.34419      3 
335.24744      4 
336.81651      3 
338.99079      2 
340.23133      1 
342.2251       2 
343.64563      3 
344.97868      4 
346.26754      3 
348.26105      2 
350.46841      1 
352.46363      2 
353.62221      3 
354.74883      4 
356.54173      3 
357.90989      2 
359.09411      1 
361.08825      2 
362.42065      3 
363.71062      4 
364.99763      3 
367.08051      2 
369.23314      1 
371.22851      2 
372.35155      3 
373.45659      4 
374.55592      3 
376.27232      2 
377.40151      1 
379.39606      2 
380.63461      3 
381.86484      4 
384.33627      3 
385.54332      2 
387.6427       1 
389.63821      2 
390.72085      3 
392.64468      4 
393.80816      3 
394.96299      2 
396.03839      1 
397.10771      2 
399.04438      3 
401.96789      4 
403.07974      3 
404.18305      2 
405.232        1 
406.27709      2 
408.23008      3 
409.33401      4 
410.56245      3 
413.19301      2 
414.21582      1 
415.23516      2 
416.25244      3 
418.20738      4 
419.34001      3 
422.19319      2 
424.1903       1 
427.18324      2 
429.18199      3 
432.15137      4 
435.11253      3 
438.06552      2 
440.03847      1 
442.03427      2 
444.02887      3 
446.95074      4 
449.86306      3 
452.7673       2 
455.71526      1 
457.7113       2 
460.65405      3 
463.59367      4 
466.52008      3 
468.67761      2 
471.60154      1 
473.59766      2 
475.5938       3 
478.4183       4 
481.23491      3 
484.04368      2 
486.94392      1 
488.94012      2 
491.84301      3 
494.74985      4 
496.89473      3 
499.65673      2 
502.53362      1 
505.42074      2 
508.17419      3 
509.59188      4 
512.31541      3 
515.0313       2 
517.88516      1 
520.75553      2 
523.47455      3 
524.94375      4 
527.6217       3 
530.29211      2 
533.12327      1 
535.97819      2 
537.23685      3 
539.87729      4 
542.51027      3 
545.13583      2 
546.94837      1 
549.79024      2 
551.93751      3 
554.5335       4 
557.12215      3 
559.70347      2 
561.49428      1 
563.48946      2 
566.31632      3 
568.86848      4 
571.4134       3 
573.95108      2 
575.72045      1 
577.71559      2 
579.65505      3 
582.23666      4 
584.73845      3 
587.2331       2 
589.97659      1 
591.97319      2 
593.96978      3 
596.43608      4 
598.89533      3 
601.34754      2 
604.06987      1 
606.86534      2 
608.2104       3 
610.63465      4 
613.05194      3 
615.4623       2 
