2.1807005      1 
4.157558       2 
6.1344882      3 
7.3577026      4 
8.5352604      3 
9.6672667      2 
10.711979      1 
11.733695      2 
14.731678      3 
16.645112      4 
19.551974      3 
22.412867      2 
24.322681      1 
26.300022      2 
29.178809      3 
31.861033      4 
34.498848      3 
37.092355      2 
39.866711      1 
41.844816      2 
44.641354      3 
46.669601      4 
49.043096      3 
51.372891      2 
54.015789      1 
55.994158      2 
58.745069      3 
60.685954      4 
62.798761      3 
64.868469      2 
67.381804      1 
69.36038       2 
71.338973      3 
73.23728       4 
75.092982      3 
76.906178      2 
78.298297      1 
80.275192      2 
81.852629      3 
84.211006      4 
85.813138      3 
87.373348      2 
88.638398      1 
89.821656      2 
91.714218      3 
93.109353      4 
94.445935      3 
96.539974      2 
97.678522      1 
100.5558       2 
101.64908      3 
103.62109      4 
104.72649      3 
105.79111      2 
107.80311      1 
110.78277      2 
112.76253      3 
115.66498      4 
118.52712      3 
121.34905      2 
123.24203      1 
125.22159      2 
127.18221      3 
129.87239      4 
132.49461      3 
135.07717      2 
136.85271      1 
139.66023      2 
141.80923      3 
144.23405      4 
146.61966      3 
148.96615      2 
150.62541      1 
152.60439      2 
154.44817      3 
155.75857      4 
156.88091      3 
159.03234      2 
161.56987      1 
162.81014      2 
164.42541      3 
165.72038      4 
167.8106       3 
169.69464      2 
172.11779      1 
173.35186      2 
174.87718      3 
176.18559      4 
178.21281      3 
179.87038      2 
181.18678      1 
183.96264      2 
186.14312      3 
187.65144      4 
189.12266      3 
190.55686      2 
191.76053      1 
192.91238      2 
194.0304       3 
195.12936      4 
197.11329      3 
199.61638      2 
201.70533      1 
203.68705      2 
204.73635      3 
206.65487      4 
207.68753      3 
210.68419      2 
213.6645       1 
216.62681      2 
219.50652      3 
220.67117      4 
223.48906      3 
226.27144      2 
229.14467      1 
231.12712      2 
233.10962      3 
235.75079      4 
238.35686      3 
240.92792      2 
243.69568      1 
245.67841      2 
247.66116      3 
250.09294      4 
252.49011      3 
254.85274      2 
257.5166       1 
259.49954      2 
262.25962      3 
264.23562      4 
266.42675      3 
268.58382      2 
271.14527      1 
273.12838      2 
274.3688       3 
276.49559      4 
278.48352      3 
280.43785      2 
282.89832      1 
284.88158      2 
286.86486      3 
288.68559      4 
290.47311      3 
292.22749      2 
293.5948       1 
296.354        2 
298.55522      3 
300.17783      4 
301.76769      3 
303.32488      2 
305.58745      1 
307.57105      2 
308.74499      3 
310.62824      4 
312.02316      3 
313.38586      2 
315.55141      1 
316.67765      2 
317.91959      3 
319.1237       4 
320.33168      3 
322.46667      2 
323.53846      1 
324.59299      2 
326.51401      3 
327.58168      4 
328.66475      3 
331.66294      2 
334.63808      1 
336.6225       2 
339.56813      3 
342.49909      4 
344.56171      3 
347.35683      2 
350.23872      1 
353.11934      2 
355.83983      3 
358.55474      4 
360.21309      3 
362.8242       2 
365.61424      1 
367.59922      2 
369.58422      3 
372.07406      4 
374.53375      3 
376.96337      2 
379.66292      1 
381.6481       2 
383.63328      3 
385.9433       4 
388.22358      3 
390.47421      2 
393.08457      1 
395.0699       2 
397.82002      3 
399.75684      4 
401.86019      3 
403.93429      2 
406.45671      1 
408.44218      2 
411.18472      3 
413.02255      4 
414.95139      3 
416.85139      2 
419.28709      1 
420.5257       2 
422.07278      3 
424.33094      4 
426.08767      3 
427.81595      2 
429.17248      1 
431.15642      2 
432.7092       3 
435.09068      4 
436.67767      3 
438.23659      2 
439.50799      1 
441.49229      2 
442.92817      3 
444.2537       4 
446.44997      3 
447.84188      2 
449.02877      1 
451.01355      2 
452.31732      3 
453.57409      4 
455.93504      3 
457.16221      2 
459.26241      1 
461.2487       2 
462.31592      3 
464.23064      4 
465.32227      3 
466.38698      2 
468.40596      1 
470.39251      2 
472.37922      3 
475.33703      4 
478.26806      3 
481.17254      2 
483.11273      1 
486.04289      2 
488.08513      3 
490.88402      4 
493.65665      3 
496.4031       2 
499.26299      1 
502.12963      2 
504.82599      3 
507.53306      4 
509.23623      3 
511.82683      2 
514.60894      1 
516.59624      2 
517.77074      3 
520.27298      4 
522.73533      3 
525.1722       2 
526.88287      1 
528.86878      2 
531.64616      3 
533.98173      4 
536.29213      3 
538.5774       2 
541.20733      1 
543.19493      2 
545.18253      3 
547.3679       4 
549.52843      3 
551.66419      2 
554.21962      1 
556.96502      2 
559.348        3 
561.03059      4 
563.04332      3 
565.03161      2 
566.52028      1 
569.26132      2 
571.48927      3 
573.38039      4 
575.24734      3 
577.0902       2 
579.49974      1 
582.25259      2 
583.57544      3 
585.32245      4 
587.04564      3 
588.74506      2 
590.08944      1 
592.07573      2 
594.84897      3 
596.45386      4 
598.03525      3 
599.5932       2 
601.86076      1 
604.6615       2 
605.88881      3 
607.35353      4 
608.79508      3 
610.21352      2 
