1.1945047      1 
2.3445763      2 
4.237661       3 
5.5719919      4 
6.9064817      3 
9.1096674      2 
11.217249      1 
14.119747      2 
15.199113      3 
16.33238       4 
17.438631      3 
18.517926      2 
20.544203      1 
23.518262      2 
25.517327      3 
28.489421      4 
31.434868      3 
34.353732      2 
36.300964      1 
39.237386      2 
41.27347       3 
44.086605      4 
46.87346       3 
49.634097      2 
52.501073      1 
55.372767      2 
58.079298      3 
60.791412      4 
62.478387      3 
65.082971      2 
66.876137      1 
69.698914      2 
70.992238      3 
72.060374      4 
74.542473      3 
76.993149      2 
79.705499      1 
81.69295       2 
82.899278      3 
85.27907       4 
87.603108      3 
89.901993      2 
92.538695      1 
95.298284      2 
97.746906      3 
99.439295      4 
101.61328      3 
103.76246      2 
105.331        1 
107.31683      2 
109.10347      3 
110.45405      4 
112.63024      3 
114.63177      2 
116.12703      1 
117.37155      2 
119.47477      3 
122.0129       4 
123.89295      3 
125.74886      2 
128.1649       1 
130.15283      2 
132.14079      3 
133.90073      4 
135.63683      3 
137.34912      2 
139.69361      1 
141.68166      2 
142.89614      3 
144.82688      4 
146.42101      3 
147.99166      2 
150.26555      1 
151.45734      2 
152.85428      3 
154.14731      4 
156.25405      3 
157.68501      2 
159.88923      1 
161.04411      2 
162.35563      3 
163.6105       4 
164.84829      3 
166.85553      2 
168.991        1 
170.9795       2 
172.96804      3 
174.17042      4 
175.35023      3 
176.50753      2 
178.57512      1 
179.6286       2 
180.7223       3 
181.80686      4 
182.93007      3 
185.51245      2 
186.51303      1 
189.5021       2 
191.49083      3 
194.42649      4 
197.33951      3 
200.23061      2 
202.16653      1 
205.09509      2 
207.14347      3 
209.94747      4 
212.72983      3 
215.49058      2 
217.36265      1 
219.35123      2 
222.22052      3 
224.89536      4 
227.54886      3 
230.18104      2 
232.98622      1 
235.81915      2 
238.44987      3 
241.13285      4 
243.84473      3 
245.85057      2 
248.5925       1 
251.39176      2 
252.72271      3 
255.14454      4 
257.5456       3 
259.92593      2 
261.61101      1 
263.59916      2 
265.4791       3 
266.77022      4 
269.10392      3 
271.36092      2 
272.9851       1 
274.21556      2 
276.50061      3 
278.01557      4 
280.31691      3 
282.45226      2 
285.0098       1 
286.99982      2 
289.74641      3 
291.64642      4 
293.68169      3 
295.69708      2 
298.19486      1 
300.18497      2 
302.93017      3 
304.75737      4 
306.67405      3 
308.57112      2 
310.01666      1 
312.76238      2 
314.1025       3 
316.19829      4 
317.99801      3 
319.77838      2 
321.16564      1 
323.92213      2 
325.23283      3 
327.28997      4 
328.97432      3 
330.63961      2 
332.96298      1 
334.17661      2 
336.80295      3 
338.39239      4 
339.96298      3 
341.51476      2 
343.78154      1 
344.97172      2 
346.36727      3 
347.66314      4 
349.77796      3 
351.21779      2 
353.42874      1 
354.58945      2 
355.91711      3 
358.34578      4 
359.6935       3 
361.02292      2 
363.17879      1 
365.16953      2 
367.16032      3 
368.41698      4 
369.65555      3 
370.87608      2 
372.97757      1 
374.06197      2 
375.22625      3 
376.38366      4 
378.90931      3 
380.02245      2 
382.07027      1 
384.06133      2 
385.09055      3 
387.04507      4 
388.06984      3 
389.07706      2 
392.07189      1 
394.06315      2 
396.05446      3 
398.99187      4 
401.91194      3 
404.81469      2 
406.75856      1 
408.74969      2 
410.73588      3 
413.57634      4 
416.39313      3 
419.19286      2 
421.08629      1 
423.07722      2 
425.96612      3 
428.69795      4 
431.41291      3 
434.11102      2 
435.95464      1 
438.81313      2 
440.93494      3 
443.56609      4 
446.1806       3 
448.7785       2 
450.57292      1 
452.56356      2 
454.50665      3 
457.10214      4 
459.61758      3 
462.11664      2 
463.86247      1 
466.66356      2 
469.51299      3 
471.66275      4 
474.08049      3 
476.48207      2 
479.17456      1 
481.9547       2 
484.46689      3 
486.14571      4 
488.46709      3 
490.77254      2 
492.42294      1 
495.18687      2 
497.40147      3 
499.64356      4 
501.8699       3 
504.08053      2 
505.68407      1 
508.43655      2 
511.28764      3 
513.31689      4 
515.4495       3 
517.56661      2 
519.12384      1 
521.11426      2 
523.85983      3 
525.91532      4 
527.95549      3 
529.98038      2 
531.49183      1 
533.4823       2 
535.22751      3 
537.58156      4 
539.53055      3 
541.46448      2 
542.93068      1 
544.92123      2 
547.66748      3 
549.54146      4 
551.40054      3 
553.24476      2 
555.65957      1 
557.65211      2 
559.64467      3 
561.42976      4 
563.20015      3 
564.95589      2 
567.32663      1 
569.31924      2 
572.0852       3 
573.73753      4 
575.42047      3 
577.08894      2 
579.4162       1 
581.40888      2 
583.40159      3 
585.01255      4 
586.60922      3 
588.19163      2 
590.47599      1 
591.67579      2 
593.09755      3 
595.42975      4 
596.94135      3 
598.43888      2 
599.68627      1 
600.87148      2 
602.01347      3 
603.89308      4 
606.53601      3 
607.94982      2 
