1.1663572      1 
3.1231919      2 
4.2866753      3 
5.3746822      4 
7.9971447      3 
10.909364      2 
12.826156      1 
15.710892      2 
16.876344      3 
19.469187      4 
21.974143      3 
24.398233      2 
27.069707      1 
29.820793      2 
32.229271      3 
33.873654      4 
35.896202      3 
37.838996      2 
39.277393      1 
42.010934      2 
44.191313      3 
45.816924      4 
47.363695      3 
48.831809      2 
51.026922      1 
52.153794      2 
53.361617      3 
55.872946      4 
56.95048       3 
59.950437      2 
62.911609      1 
65.835703      2 
68.597445      3 
71.284927      4 
72.822242      3 
75.360477      2 
77.096036      1 
79.870211      2 
82.015357      3 
84.249309      4 
86.407627      3 
88.490487      2 
90.000915      1 
91.961505      2 
94.692442      3 
96.4752        4 
98.183365      3 
99.817108      2 
101.10293      1 
103.06394      2 
104.44529      3 
106.9232       4 
108.1874       3 
109.3782       2 
111.43713      1 
113.40048      2 
115.36439      3 
118.26398      4 
121.09031      3 
123.84425      2 
125.68807      1 
128.52338      2 
130.61314      3 
133.07919      4 
135.47367      3 
137.79677      2 
140.42252      1 
143.165        2 
145.54759      3 
148.18006      4 
149.96301      3 
151.86117      2 
153.28191      1 
156.02071      2 
157.31101      3 
159.30926      4 
160.85778      3 
162.33686      2 
164.54205      1 
166.50733      2 
167.62078      3 
169.4671       4 
170.60134      3 
171.66708      2 
174.66579      1 
177.62957      2 
180.47744      3 
183.22681      4 
185.82094      3 
187.52243      2 
189.32147      1 
190.47491      2 
192.96636      3 
194.35467      4 
196.73416      3 
198.99021      2 
200.59109      1 
202.55629      2 
205.28941      3 
207.28051      4 
209.20575      3 
211.06528      2 
212.46902      1 
213.69207      2 
215.639        3 
217.11454      4 
218.4342       3 
220.38593      2 
221.59291      1 
222.73534      2 
223.83719      3 
224.91535      4 
226.80012      3 
229.40307      2 
230.4129       1 
233.38106      2 
235.34814      3 
238.18144      4 
240.94685      3 
243.64923      2 
246.46868      1 
249.29322      2 
250.56275      3 
253.01444      4 
255.40382      3 
257.73103      2 
259.36938      1 
261.3369       2 
264.07685      3 
266.15682      4 
268.17534      3 
270.13255      2 
272.58064      1 
274.55011      2 
276.5196       3 
278.23297      4 
279.88572      3 
281.47801      2 
282.74991      1 
284.71795      2 
286.10124      3 
288.58763      4 
289.87965      3 
291.11202      2 
293.19866      1 
295.16885      2 
297.13916      3 
300.13436      4 
303.07059      3 
305.94801      2 
307.85913      1 
309.82965      2 
312.69818      3 
315.34167      4 
317.92702      3 
320.45435      2 
322.19364      1 
324.16362      2 
326.04203      3 
327.31025      4 
329.60434      3 
331.78641      2 
334.34881      1 
336.3204       2 
339.05621      3 
340.88197      4 
342.77994      3 
344.62148      2 
347.01426      1 
348.98611      2 
350.20033      3 
352.10866      4 
353.67001      3 
355.17571      2 
356.40623      1 
357.56622      2 
359.43303      3 
360.74897      4 
362.04154      3 
364.25124      2 
365.31303      1 
367.2846       2 
368.29644      3 
371.21523      4 
374.11893      3 
376.96673      2 
379.86339      1 
382.74485      2 
385.44693      3 
388.13029      4 
390.7859       3 
392.68664      2 
395.42253      1 
397.39612      2 
400.17066      3 
403.00268      4 
405.06401      3 
407.27186      2 
409.84941      1 
411.82328      2 
414.56131      3 
416.41526      4 
418.36166      3 
420.25612      2 
421.68423      1 
423.65643      2 
425.26429      3 
426.62147      4 
428.69071      3 
430.2761       2 
431.54919      1 
434.34214      2 
436.49232      3 
437.87401      4 
439.20508      3 
440.48563      2 
442.60095      1 
444.57567      2 
446.55048      3 
447.63014      4 
448.65987      3 
451.63978      2 
454.60478      1 
455.63769      2 
458.55343      3 
461.33521      4 
464.06774      3 
466.75114      2 
469.56803      1 
472.39672      2 
473.66903      3 
476.15702      4 
478.59644      3 
480.9874       2 
482.66405      1 
483.87461      2 
486.1927       3 
488.70952      4 
490.85985      3 
492.9624       2 
495.48979      1 
497.46604      2 
500.20396      3 
502.00622      4 
503.87145      3 
505.68954      2 
507.08179      1 
508.30794      2 
510.27174      3 
512.87312      4 
514.45715      3 
515.9947       2 
518.24057      1 
520.21729      2 
522.19406      3 
523.54673      4 
524.85344      3 
526.1143       2 
527.22505      1 
529.20098      2 
530.33254      3 
531.42974      4 
532.51957      3 
535.51713      2 
537.48914      1 
540.43944      2 
542.44361      3 
545.25175      4 
548.01519      3 
550.73403      2 
553.57092      1 
555.54887      2 
557.52686      3 
560.06834      4 
562.56574      3 
565.01915      2 
566.72886      1 
568.70562      2 
570.57896      3 
573.01625      4 
575.25125      3 
577.44287      2 
580.01694      1 
582.75913      2 
585.13475      3 
587.79014      4 
589.59685      3 
591.53029      2 
592.98244      1 
594.95921      2 
596.60727      3 
597.97256      4 
600.05022      3 
601.72902      2 
604.04761      1 
606.02649      2 
608.81123      3 
610.30121      4 
611.77048      3 
613.19814      2 
