1.1734003      1 
2.2919016      2 
4.1423009      3 
5.3143301      4 
6.4706085      3 
9.4693287      2 
11.433257      1 
14.364935      2 
16.36459       3 
19.087413      4 
21.742692      3 
24.330584      2 
27.090622      1 
29.881104      2 
31.192741      3 
33.51263       4 
35.765903      3 
37.952714      2 
39.519307      1 
41.484489      2 
43.220793      3 
45.537611      4 
47.394403      3 
49.185647      2 
50.555219      1 
51.769917      2 
53.689862      3 
55.14171       4 
56.463424      3 
58.441914      2 
60.610509      1 
62.578176      2 
63.668769      3 
65.530254      4 
66.610359      3 
67.626705      2 
69.603545      1 
72.549401      2 
74.539679      3 
77.302455      4 
80.002204      3 
82.63907       2 
84.429943      1 
86.397767      2 
89.188779      3 
91.57556       4 
93.900181      3 
96.162783      2 
98.763         1 
99.991026      2 
102.60896      3 
104.62491      4 
106.57956      3 
108.47304      2 
109.89605      1 
112.63635      2 
115.53108      3 
117.16244      4 
118.7522       3 
120.28164      2 
122.51655      1 
124.48638      2 
126.45628      3 
127.74581      4 
128.9757       3 
130.14609      2 
132.20175      1 
134.17203      2 
136.14256      3 
139.07646      4 
141.95142      3 
144.76771      2 
147.64633      1 
149.61724      2 
152.46377      3 
154.49578      4 
157.0207       3 
159.48774      2 
161.19734      1 
163.96743      2 
166.79802      3 
168.84302      4 
171.0227       3 
173.1453       2 
175.67808      1 
177.64972      2 
179.62139      3 
181.517        4 
183.35619      3 
185.13908      2 
186.5091       1 
189.26326      2 
190.53391      3 
192.52895      4 
194.03233      3 
195.48019      2 
196.68142      1 
198.65211      2 
199.9298       3 
202.53124      4 
203.70342      3 
204.82085      2 
206.85234      1 
207.85645      2 
210.77737      3 
213.67922      4 
216.52476      3 
219.31629      2 
222.18486      1 
225.04557      2 
227.70743      3 
229.18745      4 
231.71084      3 
234.18096      2 
235.89435      1 
237.86656      2 
240.6304       3 
242.88871      4 
245.09437      3 
247.2475       2 
248.80426      1 
250.77633      2 
252.51995      3 
253.86966      4 
255.97122      3 
257.81172      2 
260.20628      1 
262.18043      2 
264.15461      3 
265.78907      4 
267.37232      3 
268.90448      2 
270.1507       1 
272.95749      2 
275.09427      3 
276.42322      4 
277.70166      3 
278.92971      2 
281.01881      1 
282.9936       2 
284.9685       3 
285.99614      4 
288.97397      3 
291.9021       2 
294.84122      1 
297.75937      2 
300.53686      3 
303.2644       4 
305.91257      3 
307.72019      2 
309.51564      1 
311.49032      2 
313.4071       3 
314.63245      4 
317.0482       3 
319.38879      2 
322.03477      1 
324.01083      2 
325.98691      3 
328.13525      4 
330.2358       3 
332.28867      2 
334.79132      1 
337.52874      2 
338.8747       3 
340.73795      4 
342.55408      3 
344.32318      2 
346.68447      1 
348.66098      2 
350.63752      3 
352.21961      4 
353.75522      3 
355.24446      2 
356.47131      1 
358.44653      2 
359.78295      3 
361.04382      4 
363.34795      3 
364.56116      2 
366.64515      1 
369.56628      2 
371.59947      3 
372.63017      4 
375.61626      3 
378.55724      2 
381.50509      1 
384.43305      2 
387.23432      3 
389.98172      4 
391.4758       3 
394.14829      2 
395.96574      1 
397.94276      2 
399.8733       3 
402.43822      4 
404.88979      3 
407.29749      2 
409.97921      1 
412.74602      2 
414.09804      3 
416.33123      4 
418.52105      3 
420.66758      2 
423.21919      1 
424.45739      2 
426.07782      3 
428.35467      4 
430.28632      3 
432.17529      2 
433.60527      1 
436.34824      2 
438.55605      3 
440.27528      4 
441.95231      3 
443.58726      2 
445.88399      1 
447.07925      2 
448.47533      3 
449.75515      4 
451.83597      3 
453.22038      2 
454.39643      1 
455.52872      2 
457.40707      3 
458.67259      4 
459.95712      3 
462.27096      2 
464.31932      1 
466.29885      2 
468.27848      3 
471.25295      4 
474.18695      3 
477.08057      2 
479.00867      1 
481.92189      2 
483.96708      3 
486.7001       4 
489.39319      3 
492.04646      2 
494.85294      1 
496.00527      2 
498.78203      3 
501.27691      4 
503.73241      3 
506.14864      2 
508.83691      1 
511.60756      2 
512.95897      3 
515.21898      4 
517.44016      3 
519.6226       2 
522.19438      1 
523.43144      2 
525.07119      3 
526.35733      4 
528.48136      3 
530.43322      2 
531.89686      1 
533.87591      2 
536.61866      3 
538.41857      4 
540.18072      3 
541.90518      2 
544.24883      1 
545.46324      2 
546.91505      3 
549.19532      4 
550.73267      3 
552.23285      2 
554.4647       1 
556.44605      2 
558.42746      3 
559.77984      4 
561.09548      3 
562.37447      2 
564.49594      1 
566.47755      2 
567.55431      3 
569.45306      4 
570.55005      3 
571.61088      2 
573.62331      1 
576.60527      2 
579.58149      3 
582.53792      4 
585.46185      3 
587.52222      2 
589.42911      1 
591.41099      2 
593.37836      3 
596.10355      4 
598.77219      3 
601.40567      2 
603.20849      1 
606.03326      2 
608.16991      3 
610.66355      4 
613.12242      3 
615.54662      2 
