1.171053       1 
3.1325479      2 
4.3226461      3 
5.4468307      4 
6.5249543      3 
9.5163113      2 
12.46335       1 
15.377277      2 
18.124306      3 
19.453045      4 
22.058217      3 
24.591508      2 
26.326906      1 
28.290021      2 
30.153017      3 
32.565437      4 
34.741802      3 
36.847275      2 
39.36462       1 
41.329376      2 
43.294161      3 
45.117693      4 
46.871145      3 
48.554679      2 
50.861819      1 
52.051758      2 
53.420147      3 
54.669797      4 
56.742216      3 
58.009611      2 
59.111902      1 
61.076133      2 
62.142867      3 
65.142411      4 
68.067396      3 
70.924371      2 
72.820956      1 
74.786862      2 
77.637602      3 
80.224104      4 
82.743376      3 
85.195573      2 
87.887961      1 
89.854725      2 
92.607704      3 
94.548866      4 
96.668001      3 
98.720984      2 
100.22115      1 
102.18635      2 
103.85636      3 
106.1694       4 
107.89389      3 
109.55315      2 
111.85049      1 
113.81789      2 
115.78536      3 
117.18514      4 
118.52043      3 
119.79137      2 
121.89496      1 
122.96009      2 
124.03943      3 
126.79323      4 
129.74465      3 
132.63261      2 
135.54473      1 
138.43404      2 
139.60267      3 
142.23824      4 
144.81107      3 
147.32132      2 
150.04494      1 
151.23652      2 
152.95665      3 
155.35266      4 
157.55211      3 
159.68983      2 
162.22784      1 
164.19717      2 
166.93153      3 
168.71592      4 
170.54712      3 
172.31744      2 
174.67243      1 
175.88297      2 
177.31539      3 
178.59518      4 
179.79615      3 
181.61907      2 
183.79339      1 
185.76335      2 
188.63556      3 
189.80334      4 
190.91315      3 
191.96374      2 
194.95948      1 
197.92507      2 
200.78655      3 
203.55774      4 
206.16894      3 
207.84377      2 
209.667        1 
211.6372       2 
213.55903      3 
216.10093      4 
218.50905      3 
220.85956      2 
222.51169      1 
225.26261      2 
228.09699      3 
230.08529      4 
232.14977      3 
234.15744      2 
236.63298      1 
238.6047       2 
240.57646      3 
242.35819      4 
244.08377      3 
245.75332      2 
248.06039      1 
249.25511      2 
250.64307      3 
252.95205      4 
254.34338      3 
255.67944      2 
257.82018      1 
259.79253      2 
262.68911      3 
263.80485      4 
264.86652      3 
265.87369      2 
268.85002      1 
270.8229       2 
273.74821      3 
276.65121      4 
278.71266      3 
281.39546      2 
283.21342      1 
286.03989      2 
288.1566       3 
290.62562      4 
293.04152      3 
295.40439      2 
298.05918      1 
300.03292      2 
302.00668      3 
304.15873      4 
306.25837      3 
308.30573      2 
309.80999      1 
311.78208      2 
314.518        3 
316.35743      4 
318.14517      3 
319.88134      2 
321.23026      1 
323.20265      2 
324.71086      3 
326.04651      4 
328.16106      3 
329.59033      2 
330.78447      1 
332.75753      2 
334.03162      3 
335.24754      4 
337.6484       3 
338.77499      2 
340.81336      1 
342.78831      2 
344.7636       3 
347.69112      4 
350.56864      3 
353.3967       2 
355.28816      1 
357.26316      2 
360.12467      3 
362.75599      4 
365.33841      3 
367.87204      2 
369.61897      1 
371.59352      2 
373.48491      3 
375.95234      4 
378.24371      3 
380.48696      2 
382.09065      1 
384.06501      2 
385.85554      3 
388.20676      4 
390.21108      3 
392.16794      2 
393.62947      1 
395.60392      2 
397.25624      3 
398.61895      4 
400.69119      3 
402.36561      2 
404.67971      1 
407.45672      2 
409.65535      3 
411.07289      4 
412.5149       3 
413.91075      2 
415.09026      1 
417.06575      2 
418.32324      3 
419.53138      4 
420.73922      3 
422.96091      2 
424.99886      1 
426.01382      2 
428.94702      3 
431.88749      4 
434.78253      3 
437.63268      2 
439.53723      1 
442.42893      2 
445.31522      3 
447.41633      4 
450.04352      3 
452.62643      2 
455.3955       1 
458.19931      2 
459.50911      3 
461.91591      4 
464.27892      3 
466.59826      2 
469.23595      1 
471.21433      2 
472.4426       3 
474.65474      4 
476.75721      3 
478.81661      2 
480.33145      1 
481.57132      2 
483.66874      3 
486.195        4 
488.04051      3 
489.84353      2 
492.22403      1 
494.97991      2 
497.2249       3 
498.73806      4 
500.33014      3 
501.88032      2 
504.1348       1 
506.1138       2 
508.09286      3 
509.4764       4 
510.81854      3 
512.11934      2 
514.24939      1 
515.34594      2 
516.51576      3 
517.65423      4 
520.14492      3 
521.19978      2 
522.20713      1 
525.18678      2 
527.16611      3 
530.0607       4 
532.9132       3 
535.7255       2 
537.61377      1 
539.59331      2 
541.55261      3 
544.2351       4 
546.84781      3 
549.42089      2 
552.18735      1 
554.99162      2 
557.54872      3 
560.19617      4 
562.03891      3 
564.37604      2 
567.0249       1 
569.00556      2 
570.98623      3 
573.16787      4 
575.31087      3 
577.4153       2 
579.94823      1 
581.18875      2 
583.79788      3 
585.74896      4 
587.66192      3 
589.53685      2 
591.95547      1 
593.18875      2 
594.71017      3 
596.96141      4 
598.6475       3 
600.29609      2 
602.60192      1 
604.58313      2 
606.56438      3 
608.0638       4 
609.52614      3 
610.95149      2 
