2.1415106      1 
3.2106026      2 
4.2444891      3 
6.9318619      4 
9.7267756      3 
12.391467      2 
14.166508      1 
16.104617      2 
18.854096      3 
21.029659      4 
23.083644      3 
25.01633       2 
26.428931      1 
28.366517      2 
29.855211      3 
32.205196      4 
33.53557       3 
34.746313      2 
36.79213       1 
39.732445      2 
41.673063      3 
44.408031      4 
47.024739      3 
49.523461      2 
52.213715      1 
53.409582      2 
55.051214      3 
56.295939      4 
58.332466      3 
60.128953      2 
61.475686      1 
64.226908      2 
66.353452      3 
67.687153      4 
68.905823      3 
70.009727      2 
73.004412      1 
75.940862      2 
78.687788      3 
81.324536      4 
82.850088      3 
85.270928      2 
86.930416      1 
88.872786      2 
90.638058      3 
91.949267      4 
93.094353      3 
94.952129      2 
96.27642       1 
98.218745      2 
99.597123      3 
100.83192      4 
101.9938       3 
103.99523      2 
106.98164      1 
109.91268      2 
112.65455      3 
113.93474      4 
116.47079      3 
118.89826      2 
121.5576       1 
123.50371      2 
124.72139      3 
126.80583      4 
128.69412      3 
130.47531      2 
132.8127       1 
134.75931      2 
135.92506      3 
137.73284      4 
138.98226      3 
140.12605      2 
142.14532      1 
145.09265      2 
148.00871      3 
150.87995      4 
152.88888      3 
155.40404      2 
157.11459      1 
159.06165      2 
161.79995      3 
163.90083      4 
165.89874      3 
167.79391      2 
170.19039      1 
172.13921      2 
174.08809      3 
175.57467      4 
176.9597       3 
178.24339      2 
180.33491      1 
181.37278      2 
184.22634      3 
187.10808      4 
189.88864      3 
192.56927      2 
194.36349      1 
197.15762      2 
199.26038      3 
201.54357      4 
203.72798      3 
205.81383      2 
207.31427      1 
209.26336      2 
211.99174      3 
213.68562      4 
215.28207      3 
216.78132      2 
218.98275      1 
220.10625      2 
221.2924       3 
222.39506      4 
223.41906      3 
226.39377      2 
228.308        1 
231.18435      2 
234.03908      3 
236.08181      4 
238.52648      3 
240.8766       2 
242.51028      1 
244.46177      2 
246.22592      3 
248.53378      4 
250.4144       3 
252.20177      2 
254.54915      1 
255.74668      2 
257.1274       3 
258.36789      4 
259.53893      3 
261.35712      2 
262.42965      1 
264.38228      2 
267.31705      3 
270.18632      4 
272.962        3 
275.64698      2 
278.44392      1 
280.39893      2 
281.57432      3 
283.92311      4 
286.15768      3 
288.3028       2 
290.83069      1 
292.05948      2 
294.63497      3 
296.42431      4 
298.12522      3 
299.73789      2 
301.00611      1 
302.9602       2 
304.29068      3 
306.81025      4 
307.98482      3 
309.07237      2 
311.07275      1 
314.02938      2 
315.98623      3 
318.72772      4 
321.38319      3 
323.95284      2 
325.69931      1 
327.6556       2 
330.41434      3 
332.64268      4 
334.78618      3 
336.84505      2 
338.33896      1 
340.29495      2 
341.93409      3 
344.23833      4 
345.87691      3 
347.43201      2 
348.67349      1 
351.47898      2 
352.62615      3 
354.56522      4 
355.70581      3 
356.76407      2 
358.75237      1 
361.70001      2 
364.61128      3 
366.60892      4 
369.25836      3 
371.82661      2 
374.56994      1 
377.34751      2 
379.82142      3 
381.44731      4 
383.61236      3 
385.69733      2 
387.20652      1 
389.93306      2 
392.12025      3 
393.88673      4 
395.57404      3 
397.18238      2 
398.45307      1 
400.4118       2 
401.76201      3 
403.00475      4 
404.19997      3 
406.25272      2 
407.28401      1 
409.24503      2 
412.15496      3 
414.9918       4 
417.74325      3 
420.41788      2 
423.21658      1 
424.36977      2 
427.10572      3 
429.47481      4 
431.76796      3 
433.98534      2 
436.55613      1 
437.78541      2 
440.38182      3 
442.29786      4 
444.139        3 
445.90541      2 
448.25155      1 
450.21427      2 
452.17704      3 
453.64626      4 
455.04161      3 
456.36325      2 
457.49089      1 
460.37441      2 
461.42532      3 
463.37841      4 
466.33408      3 
469.21708      2 
472.12209      1 
475.00159      2 
477.68361      3 
480.34012      4 
482.00751      3 
484.45787      2 
486.15243      1 
487.35324      2 
489.65919      3 
491.13194      4 
493.37392      3 
495.3976       2 
496.8809       1 
499.61106      2 
501.80388      3 
503.54638      4 
505.21898      3 
506.82185      2 
509.08878      1 
510.26036      2 
511.58098      3 
512.80592      4 
513.98692      3 
515.93128      2 
517.99105      1 
519.9567       2 
521.92278      3 
524.83747      4 
527.68382      3 
530.46233      2 
533.31748      1 
536.16289      2 
538.78391      3 
541.42378      4 
543.17243      3 
545.54725      2 
548.20107      1 
550.95175      2 
553.36283      3 
555.01945      4 
557.06209      3 
559.03876      2 
560.50095      1 
561.73292      2 
563.735        3 
565.23864      4 
567.42815      3 
569.01214      2 
570.27753      1 
571.45226      2 
572.57251      3 
573.66092      4 
575.60762      3 
578.07071      2 
579.13916      1 
581.10597      2 
582.11164      3 
585.02255      4 
587.90352      3 
590.71827      2 
593.59381      1 
595.56243      2 
598.40346      3 
600.431        4 
602.93146      3 
605.3695       2 
