1.1381424      1 
3.0669211      2 
5.9936135      3 
8.8499218      4 
11.5688        3 
14.151024      2 
15.878681      1 
17.809785      2 
19.603684      3 
21.905498      4 
23.809159      3 
25.578044      2 
27.895496      1 
29.828314      2 
31.761253      3 
32.994133      4 
34.093782      3 
37.060507      2 
38.979173      1 
41.842137      2 
43.845402      3 
46.283488      4 
48.590176      3 
50.765767      2 
52.294724      1 
53.513521      2 
55.48776       3 
56.94095       4 
58.203834      3 
60.050023      2 
62.183452      1 
63.244107      2 
66.050918      3 
68.932042      4 
71.685353      3 
74.311147      2 
77.060145      1 
78.996851      2 
80.192519      3 
82.36345       4 
84.356049      3 
86.222884      2 
88.593747      1 
90.531089      2 
92.468522      3 
93.835187      4 
95.07753       3 
96.195837      2 
98.19317       1 
101.12881      2 
103.06979      3 
105.6948       4 
108.1972       3 
110.57727      2 
113.2061       1 
115.14535      2 
117.08465      3 
118.9782       4 
120.75083      3 
122.4028       2 
124.66888      1 
126.6087       2 
128.54865      3 
129.72079      4 
130.77367      3 
133.70756      2 
136.61493      1 
138.55579      2 
140.49684      3 
142.9575       4 
145.30053      3 
147.5262       2 
150.08041      1 
152.80017      2 
154.11789      3 
155.87683      4 
157.51977      3 
159.04696      2 
160.25796      1 
162.19823      2 
163.38129      3 
166.05814      4 
169.0106       3 
171.84891      2 
173.71371      1 
176.5454       2 
179.36985      3 
181.3936       4 
183.66508      3 
185.82397      2 
187.35382      1 
188.57694      2 
190.58172      3 
192.05604      4 
193.32811      3 
195.1916       2 
196.38549      1 
198.32816      2 
199.48874      3 
202.19862      4 
205.13609      3 
207.96404      2 
209.82603      1 
212.6578       2 
214.71451      3 
217.10695      4 
219.39113      3 
221.5673       2 
224.10146      1 
226.82317      2 
229.09822      3 
230.64666      4 
232.28653      3 
233.81988      2 
235.03868      1 
236.17137      2 
237.98014      3 
239.12254      4 
240.13649      3 
243.12056      2 
246.01761      1 
247.96541      2 
250.78932      3 
252.77547      4 
255.15318      3 
257.42727      2 
259.01879      1 
260.96563      2 
262.68133      3 
264.96778      4 
266.72738      3 
268.38479      2 
270.6628       1 
271.82805      2 
273.11385      3 
274.2941       4 
276.45299      3 
277.50219      2 
279.47704      1 
282.40304      2 
285.28864      3 
287.28884      4 
289.83761      3 
292.28697      2 
293.96736      1 
296.71276      2 
298.04388      3 
300.21291      4 
302.1687       3 
304.02647      2 
305.41315      1 
306.62232      2 
308.50957      3 
309.9193       4 
312.19208      3 
313.46637      2 
315.5555       1 
316.5934       2 
319.59249      3 
322.48226      4 
325.27646      3 
327.97531      2 
330.77687      1 
332.72957      2 
335.50783      3 
337.47609      4 
339.70144      3 
341.83274      2 
343.35806      1 
346.0808       2 
348.25798      3 
350.01526      4 
351.67958      3 
353.25115      2 
354.49628      1 
356.44812      2 
357.73296      3 
358.91945      4 
361.28824      3 
362.30776      2 
364.2726       1 
367.19399      2 
369.18094      3 
371.83665      4 
374.40193      3 
376.877        2 
379.56927      1 
382.32377      2 
384.73825      3 
387.34716      4 
389.13278      3 
391.07087      2 
393.49564      1 
394.71539      2 
396.17947      3 
398.3947       4 
399.89095      3 
401.29945      2 
403.4602       1 
405.41636      2 
406.48162      3 
407.50735      4 
409.29077      3 
412.17744      2 
415.07713      1 
417.94623      2 
420.59662      3 
423.22811      4 
424.91941      3 
427.29046      2 
428.93904      1 
431.68004      2 
433.84852      3 
435.88008      4 
437.82726      3 
439.69024      2 
441.08648      1 
442.30227      2 
444.21651      3 
446.82922      4 
448.27417      3 
449.63608      2 
451.77589      1 
453.7344       2 
455.69306      3 
456.72476      4 
459.67438      3 
462.54211      2 
464.43717      1 
466.39624      2 
469.23532      3 
471.77737      4 
474.23847      3 
476.6188       2 
479.26847      1 
482.01356      2 
483.35829      3 
485.41743      4 
487.39672      3 
489.29636      2 
490.71322      1 
492.67159      2 
495.42052      3 
497.00337      4 
498.50749      3 
499.93304      2 
501.11122      1 
503.07034      2 
504.26454      3 
505.38775      4 
506.45651      3 
509.44551      2 
511.38702      1 
514.29448      2 
517.17759      3 
519.22352      4 
521.79678      3 
524.29361      2 
527.00365      1 
529.7693       2 
532.21781      3 
533.85949      4 
535.97688      3 
538.01891      2 
539.50904      1 
542.23761      2 
544.4274       3 
546.16971      4 
547.83751      3 
549.43098      2 
550.6965       1 
551.86781      2 
553.72134      3 
555.04135      4 
556.3139       3 
558.49768      2 
559.53795      1 
560.54059      2 
563.50726      3 
566.43636      4 
569.22343      3 
571.93821      2 
573.7628       1 
575.72617      2 
577.63729      3 
580.1507       4 
582.50647      3 
584.79093      2 
587.39744      1 
589.36205      2 
590.5919       3 
592.69221      4 
594.6226       3 
596.48266      2 
598.87776      1 
601.62456      2 
603.85103      3 
605.32451      4 
606.83536      3 
608.27686      2 
