2.1507335      1 
3.2349032      2 
4.320942       3 
6.9884612      4 
9.8685729      3 
12.643221      2 
14.481331      1 
15.608292      2 
18.101457      3 
20.633351      4 
22.887767      3 
25.038855      2 
26.569405      1 
27.794688      2 
28.900101      3 
30.871367      4 
32.360974      3 
34.393249      2 
35.615775      1 
37.563024      2 
38.792611      3 
39.925154      4 
42.401246      3 
45.330808      2 
48.24525       1 
49.31923       2 
51.144381      3 
53.718049      4 
56.148538      3 
58.479901      2 
60.102035      1 
62.832731      2 
64.168147      3 
66.27096       4 
68.110108      3 
69.851493      2 
72.173654      1 
74.939369      2 
76.144343      3 
77.496921      4 
78.752857      3 
79.912373      2 
81.944122      1 
84.89602       2 
87.832026      3 
90.722416      4 
93.560159      3 
95.632224      2 
97.382021      1 
99.333754      2 
102.08881      3 
104.29626      4 
106.40971      3 
108.42937      2 
109.89917      1 
111.85057      2 
113.45         3 
115.75937      4 
117.31333      3 
118.77478      2 
120.95966      1 
122.91346      2 
124.8674       3 
125.96099      4 
126.96314      3 
129.87407      2 
131.78576      1 
134.66222      2 
136.69332      3 
139.24143      4 
141.69936      3 
144.06732      2 
145.7121       1 
148.45066      2 
150.61696      3 
152.6271       4 
154.54829      3 
156.38074      2 
157.75939      1 
159.7132       2 
161.20524      3 
162.51115      4 
163.72653      3 
165.58551      2 
166.69723      1 
167.75978      2 
169.61359      3 
172.54937      4 
175.42147      3 
178.2049       2 
181.05328      1 
183.01046      2 
185.81848      3 
187.81681      4 
190.17164      3 
192.44135      2 
194.03984      1 
195.99587      2 
198.72291      3 
200.65406      4 
202.50106      3 
204.2641       2 
205.61028      1 
207.56647      2 
209.02109      3 
210.31504      4 
212.44599      3 
213.70934      2 
215.79991      1 
217.75856      2 
218.7663       3 
220.67938      4 
223.53378      3 
226.30429      2 
229.14853      1 
231.10802      2 
233.91687      3 
236.74371      4 
238.80881      3 
241.09326      2 
242.70134      1 
244.65966      2 
246.41739      3 
247.74815      4 
249.82515      3 
251.63023      2 
252.99979      1 
254.95825      2 
257.72336      3 
259.21252      4 
260.62316      3 
261.95545      2 
263.08617      1 
264.16871      2 
265.21569      3 
266.97481      4 
269.92688      3 
272.7948       2 
274.69128      1 
277.56214      2 
279.61243      3 
282.17114      4 
284.65347      3 
287.05959      2 
289.72441      1 
292.4751       2 
293.81952      3 
295.92258      4 
297.95029      3 
299.90286      2 
301.34843      1 
303.30907      2 
304.90552      3 
307.23056      4 
308.80992      3 
310.31515      2 
311.53608      1 
312.68316      2 
313.78471      3 
315.53275      4 
316.87945      3 
319.33323      2 
321.32888      1 
323.29295      2 
325.25346      3 
328.03582      4 
330.73686      3 
333.36581      2 
335.14825      1 
337.11149      2 
339.89287      3 
342.23506      4 
344.50598      3 
346.70579      2 
348.27654      1 
350.23943      2 
351.97412      3 
354.28732      4 
356.13403      3 
357.91061      2 
359.27051      1 
360.48094      2 
361.61038      3 
362.6948       4 
364.73629      3 
367.05888      2 
369.20423      1 
370.30026      2 
371.44514      3 
372.53256      4 
375.0626       3 
378.01008      2 
379.95097      1 
381.91706      2 
383.87099      3 
386.56968      4 
389.17842      3 
391.71987      2 
394.45676      1 
396.42343      2 
398.39015      3 
400.66402      4 
402.87139      3 
405.01241      2 
407.54976      1 
409.51678      2 
410.75058      3 
411.86569      4 
413.7644       3 
415.51047      2 
417.85108      1 
419.81841      2 
422.59524      3 
424.06046      4 
425.48157      3 
426.83813      2 
428.98449      1 
430.95221      2 
432.02545      3 
433.89742      4 
434.93349      3 
437.9059       2 
440.86023      1 
443.78498      2 
446.56175      3 
449.27319      4 
451.8965       3 
453.70076      2 
455.47033      1 
457.4381       2 
460.21913      3 
462.56298      4 
464.84476      3 
467.06463      2 
469.64355      1 
472.38103      2 
473.73478      3 
475.70839      4 
477.62079      3 
479.47213      2 
481.86748      1 
483.83703      2 
485.80661      3 
487.41508      4 
488.96317      3 
490.45104      2 
492.66522      1 
494.63509      2 
496.60504      3 
497.85338      4 
499.04218      3 
500.17157      2 
502.20673      1 
503.21217      2 
506.1264       3 
509.02197      4 
511.8564       3 
514.63225      2 
516.49361      1 
519.34676      2 
522.20365      3 
525.07056      4 
527.94675      3 
530.1495       2 
531.83944      1 
533.044        2 
535.36705      3 
537.87843      4 
540.01869      3 
542.10196      2 
543.62177      1 
546.35413      2 
547.6963       3 
548.87113      4 
549.96693      3 
551.79583      2 
553.14641      1 
555.11648      2 
557.88822      3 
559.40881      4 
560.87385      3 
562.28345      2 
564.46089      1 
566.43315      2 
568.40549      3 
569.59465      4 
570.72901      3 
571.80871      2 
572.82172      1 
574.79524      2 
577.71573      3 
580.58441      4 
583.39265      3 
586.14698      2 
588.99697      1 
590.97027      2 
593.80191      3 
595.83754      4 
598.32414      3 
600.75757      2 
