2.1392047      1 
5.0103729      2 
7.0104104      3 
9.8931438      4 
12.65789       3 
15.295092      2 
17.054347      1 
19.820193      2 
21.923258      3 
24.053216      4 
26.057093      3 
27.935179      2 
30.311648      1 
32.248982      2 
34.186404      3 
35.564218      4 
36.817683      3 
37.947087      2 
38.95          1 
40.892231      2 
43.667786      3 
46.354625      4 
48.867994      3 
51.259005      2 
53.893283      1 
56.62155       2 
57.948446      3 
59.852843      4 
61.636286      3 
63.299054      2 
65.570517      1 
67.510322      2 
68.630251      3 
69.693465      4 
71.343362      3 
74.287896      2 
77.200588      1 
79.141425      2 
81.08246       3 
83.553664      4 
85.907217      3 
88.143389      2 
89.709266      1 
90.92966       2 
92.970991      3 
94.44937       4 
96.569996      3 
98.107542      2 
99.323787      1 
102.14074      2 
104.20346      3 
105.2806       4 
108.2433       3 
111.09182      2 
112.96163      1 
114.90465      2 
117.70452      3 
120.09897      4 
122.38054      3 
124.54951      2 
126.08435      1 
128.02655      2 
129.67393      3 
131.00063      4 
132.99197      3 
134.49072      2 
135.68965      1 
137.63231      2 
138.80218      3 
141.49961      4 
144.4469       3 
147.28465      2 
150.14862      1 
151.25879      2 
154.02045      3 
156.42259      4 
158.71646      3 
160.90229      2 
162.4478       1 
164.3923       2 
166.05678      3 
167.38642      4 
169.38421      3 
170.92709      2 
172.15071      1 
174.96407      2 
176.07349      3 
177.99539      4 
179.00923      3 
181.918        2 
184.81974      1 
187.68199      2 
190.30375      3 
192.90887      4 
195.52795      3 
197.41992      2 
200.00977      1 
201.95829      2 
203.90686      3 
205.77807      4 
207.54683      3 
209.21339      2 
210.50177      1 
212.44883      2 
215.25592      3 
216.51599      4 
217.67502      3 
218.73324      2 
220.71249      1 
223.64255      2 
225.61184      3 
228.26916      4 
230.82684      3 
233.28509      2 
234.96987      1 
236.91916      2 
238.71941      3 
241.04733      4 
243.01192      3 
244.87845      2 
246.26953      1 
247.47983      2 
248.60064      3 
250.41138      4 
252.97962      3 
254.26256      2 
255.35863      1 
256.40306      2 
258.26045      3 
261.17582      4 
263.98713      3 
266.6945       2 
268.50413      1 
270.45605      2 
273.23618      3 
275.56424      4 
277.79803      3 
279.93775      2 
281.46724      1 
283.41863      2 
286.14424      3 
287.90987      4 
289.5825       3 
291.16237      2 
293.40631      1 
295.35999      2 
296.4822       3 
298.30155      4 
299.42075      3 
300.44846      2 
303.41658      1 
305.37104      2 
307.3257       3 
309.98952      4 
312.56289      3 
315.04603      2 
316.74763      1 
319.50333      2 
320.83282      3 
323.05043      4 
325.08548      3 
327.03153      2 
329.46026      1 
331.41594      2 
332.62568      3 
334.50348      4 
336.0076       3 
337.42395      2 
338.59276      1 
340.54724      2 
341.70625      3 
342.78447      4 
345.41449      3 
348.30891      2 
350.21454      1 
352.17138      2 
355.01415      3 
357.56379      4 
360.02785      3 
362.40653      2 
365.05307      1 
366.2669       2 
367.91075      3 
370.18806      4 
372.14279      3 
374.01331      2 
375.41331      1 
376.62997      2 
378.54723      3 
379.99156      4 
382.23458      3 
383.60393      2 
384.75117      1 
386.7081       2 
387.83537      3 
388.88384      4 
391.58272      3 
394.4591       2 
396.35775      1 
398.31683      2 
400.24967      3 
402.84617      4 
405.31451      3 
407.70207      2 
410.35534      1 
413.10136      2 
414.44567      3 
416.51196      4 
418.4984       3 
420.40516      2 
422.81893      1 
424.77924      2 
425.98894      3 
427.87231      4 
429.38347      3 
430.81605      2 
432.99343      1 
434.95416      2 
436.91502      3 
438.0351       4 
439.07751      3 
442.04242      2 
444.98607      1 
446.94755      2 
448.90917      3 
451.56588      4 
454.14598      3 
456.64966      2 
459.3631       1 
461.32522      2 
464.07996      3 
466.02155      4 
468.1457       3 
470.19447      2 
472.68128      1 
474.64378      2 
476.60631      3 
478.35529      4 
480.02976      3 
481.62989      2 
483.89314      1 
485.06117      2 
486.37021      3 
488.74258      4 
489.97355      3 
491.13119      2 
493.17355      1 
494.17919      2 
497.07367      3 
498.12734      4 
500.92129      3 
503.64254      2 
505.4703       1 
507.43368      2 
510.23799      3 
512.67164      4 
515.0338       3 
517.32464      2 
519.93432      1 
521.89893      2 
524.63389      3 
526.48535      4 
528.42204      3 
530.2884       2 
531.69324      1 
532.91513      2 
534.85633      3 
537.45497      4 
538.97205      3 
540.41975      2 
542.60929      1 
543.73628      2 
544.95134      3 
546.10293      4 
547.22542      3 
549.43377      2 
551.41738      1 
554.36737      2 
556.34902      3 
559.11171      4 
561.80678      3 
564.43436      2 
567.21419      1 
568.37862      2 
571.10765      3 
573.46687      4 
575.75937      3 
577.98533      2 
580.56499      1 
583.30123      2 
585.65421      3 
587.294        4 
589.18949      3 
591.01934      2 
593.40169      1 
594.6187       2 
596.07209      3 
598.31875      4 
599.82267      3 
601.26186      2 
