2.1368987      1 
3.1983135      2 
4.2051967      3 
6.9022333      4 
9.6566666      3 
12.26638       2 
14.009839      1 
15.943279      2 
17.753122      3 
20.072457      4 
22.026226      3 
23.849712      2 
25.203036      1 
27.136039      2 
28.52752       3 
29.756561      4 
31.929767      3 
32.977831      2 
35.937654      1 
37.873703      2 
39.810011      3 
42.347058      4 
44.757086      3 
47.040387      2 
48.625034      1 
51.341844      2 
52.658458      3 
54.670875      4 
56.324909      3 
57.853958      2 
60.05643       1 
61.169476      2 
62.309766      3 
63.341181      4 
66.318873      3 
69.104037      2 
71.934841      1 
74.741302      2 
77.246446      3 
78.801706      4 
80.974782      3 
83.026286      2 
85.491444      1 
87.43095       2 
89.370517      3 
90.938524      4 
92.386352      3 
93.714278      2 
94.821543      1 
95.864734      2 
98.848406      3 
101.76396      4 
104.4965       3 
107.1108       2 
108.86333      1 
110.80365      2 
112.63326      3 
113.90801      4 
115.01485      3 
116.97759      2 
119.3748       1 
121.31671      2 
123.25869      3 
124.70533      4 
126.03668      3 
127.253        2 
129.30391      1 
132.24652      2 
134.18941      3 
136.94828      4 
139.59344      3 
142.12515      2 
143.83931      1 
145.7818       2 
148.51683      3 
150.59737      4 
152.56577      3 
154.42228      2 
156.79491      1 
158.73916      2 
160.68349      3 
162.09503      4 
163.39598      3 
164.58657      2 
165.62816      1 
167.57342      2 
170.4412       3 
173.21098      4 
175.85365      3 
178.38748      2 
181.09983      1 
183.04583      2 
185.78494      3 
187.66714      4 
189.66057      3 
191.54666      2 
193.93632      1 
195.88285      2 
197.07102      3 
198.89667      4 
200.24978      3 
201.49704      2 
203.56803      1 
205.5152       2 
208.46261      3 
211.28886      4 
214.01046      3 
216.62766      2 
219.38389      1 
222.15856      2 
223.46475      3 
225.66673      4 
227.7655       3 
229.76131      2 
232.20792      1 
234.9374       2 
237.16277      3 
239.87827      4 
241.33444      3 
242.71739      2 
244.85847      1 
246.80776      2 
248.75723      3 
251.7363       4 
254.61497      3 
257.39349      2 
259.23577      1 
260.36048      2 
262.8698       3 
265.41228      4 
267.69346      3 
269.87585      2 
271.42422      1 
273.37333      2 
275.05238      3 
277.3403       4 
279.03219      3 
280.62666      2 
281.88102      1 
283.8305       2 
285.12241      3 
286.31018      4 
288.66449      3 
289.6791       2 
291.63929      1 
293.59181      2 
296.46754      3 
299.10002      4 
301.63752      3 
304.08026      2 
306.75412      1 
307.95878      2 
309.61231      3 
311.89673      4 
313.86891      3 
315.74762      2 
317.1471       1 
319.88603      2 
322.04743      3 
323.55444      4 
324.96907      3 
326.29152      2 
327.41014      1 
328.47632      2 
330.32262      3 
333.25508      4 
336.12228      3 
338.8961       2 
341.73738      1 
344.56387      2 
347.13072      3 
349.73735      4 
351.50352      3 
353.73626      2 
355.31417      1 
357.26789      2 
358.98727      3 
361.28431      4 
363.07184      3 
364.77094      2 
366.08268      1 
368.03664      2 
369.43411      3 
371.88614      4 
373.14614      3 
374.31893      2 
376.36194      1 
379.31841      2 
381.27511      3 
384.10105      4 
386.84078      3 
389.4945       2 
391.2823       1 
393.23871      2 
395.11959      3 
397.56026      4 
399.78687      3 
401.92864      2 
404.45717      1 
406.415        2 
409.14458      3 
410.86213      4 
412.58266      3 
414.21953      2 
415.50227      1 
417.45864      2 
418.81979      3 
421.31081      4 
422.53223      3 
423.67114      2 
424.70038      1 
426.65955      2 
429.55714      3 
432.37867      4 
435.10783      3 
437.75562      2 
439.54278      1 
441.50146      2 
443.38609      3 
445.83509      4 
448.07877      3 
450.24219      2 
451.79031      1 
454.51734      2 
455.85277      3 
457.92202      4 
459.68688      3 
461.37258      2 
463.67619      1 
466.45259      2 
467.65927      3 
469.03015      4 
470.32277      3 
471.53733      2 
473.60583      1 
475.56684      2 
478.52803      3 
481.43209      4 
484.25897      3 
487.00886      2 
488.84841      1 
490.80955      2 
492.72354      3 
495.24656      4 
497.6141       3 
499.9057       2 
501.51959      1 
504.25583      2 
506.43811      3 
508.42769      4 
510.3422       3 
512.18181      2 
514.56442      1 
517.31359      2 
519.52782      3 
520.97584      4 
522.44354      3 
523.83738      2 
525.99774      1 
527.96081      2 
529.03742      3 
530.07958      4 
531.09288      3 
534.06412      2 
537.00472      1 
539.91313      2 
542.64971      3 
545.32998      4 
547.94866      3 
549.79674      2 
551.52589      1 
554.29899      2 
556.44975      3 
558.68459      4 
560.8484       3 
562.94134      2 
565.45245      1 
567.41721      2 
568.64836      3 
570.63364      4 
572.37471      3 
574.04589      2 
575.35287      1 
577.31613      2 
578.73666      3 
580.02484      4 
582.20454      3 
583.45975      2 
585.55319      1 
587.51874      2 
589.48444      3 
592.46552      4 
595.37845      3 
598.22341      2 
601.11174      1 
603.07801      2 
605.04439      3 
607.61898      4 
610.12637      3 
612.56672      2 
