1.1499069      1 
3.0903961      2 
4.1566579      3 
6.95861        4 
9.7956029      3 
12.515272      2 
15.318004      1 
18.112268      2 
20.600746      3 
23.181357      4 
24.95116       3 
26.993047      2 
29.458017      1 
30.677639      2 
32.149757      3 
33.41002       4 
35.33609       3 
36.70951       2 
38.841224      1 
40.785925      2 
41.805852      3 
44.769063      4 
47.592453      3 
50.306595      2 
52.112739      1 
54.909788      2 
56.185192      3 
58.508582      4 
60.680252      3 
62.744177      2 
64.229114      1 
66.950214      2 
69.115265      3 
70.750684      4 
72.279593      3 
73.702238      2 
75.860832      1 
76.950874      2 
78.050778      3 
79.05081       4 
81.650659      3 
84.446248      2 
87.288775      1 
89.236753      2 
92.02922       3 
94.84351       4 
96.861064      3 
99.027469      2 
100.56562      1 
102.51242      2 
104.1751       3 
106.46089      4 
108.11404      3 
109.66524      2 
111.89029      1 
113.83939      2 
115.78863      3 
116.93441      4 
117.97941      3 
120.92388      2 
123.84576      1 
126.72571      2 
129.38371      3 
132.00365      4 
134.61182      3 
136.49487      2 
139.11826      1 
141.06903      2 
142.29266      3 
143.38901      4 
144.4349       3 
146.22808      2 
148.55747      1 
151.3203       2 
153.47969      3 
154.80047      4 
156.07073      3 
157.24454      2 
159.28343      1 
162.23531      2 
164.18743      3 
166.97764      4 
169.67251      3 
172.27225      2 
174.02898      1 
176.80587      2 
178.93009      3 
181.15151      4 
183.27889      3 
185.31245      2 
186.78918      1 
188.01508      2 
189.98985      3 
191.46589      4 
193.63986      3 
195.11502      2 
197.30674      1 
198.42576      2 
199.60482      3 
200.70469      4 
201.72853      3 
204.70535      2 
207.62185      1 
210.50183      2 
213.16822      3 
215.80036      4 
218.41698      3 
220.30679      2 
222.95234      1 
224.90768      2 
227.64073      3 
229.49321      4 
231.42759      3 
233.2732       2 
234.65843      1 
235.87008      2 
237.76926      3 
239.19414      4 
241.45961      3 
242.7769       2 
244.89211      1 
246.84839      2 
247.87463      3 
249.76344      4 
252.6468       3 
255.44302      2 
257.30078      1 
259.25742      2 
261.17172      3 
263.69878      4 
266.06626      3 
268.34859      2 
269.95333      1 
271.90936      2 
274.63683      3 
276.58049      4 
278.43996      3 
280.21545      2 
281.56787      1 
282.77144      2 
283.89578      3 
285.70197      4 
288.30265      3 
289.57827      2 
290.67768      1 
292.63487      2 
293.66592      3 
296.53466      4 
299.40193      3 
302.18455      2 
305.03483      1 
306.9943       2 
308.95388      3 
311.4116       4 
313.78857      3 
316.08496      2 
318.69281      1 
320.65282      2 
322.61286      3 
324.58882      4 
326.48514      3 
328.302        2 
329.67745      1 
331.6359       2 
334.39875      3 
335.89958      4 
337.32186      3 
338.66576      2 
340.79888      1 
341.88157      2 
342.98822      3 
345.67096      4 
348.62571      3 
351.50316      2 
353.40525      1 
354.48967      2 
357.15334      3 
359.7986       4 
362.29225      3 
364.70967      2 
366.3857       1 
368.34641      2 
370.16422      3 
372.52003      4 
374.55892      3 
376.52262      2 
378.96705      1 
381.70302      2 
383.95533      3 
385.47622      4 
387.06659      3 
388.58281      2 
389.80931      1 
390.95964      2 
392.80488      3 
394.06387      4 
395.29719      3 
397.60957      2 
399.61054      1 
401.57464      2 
404.5054       3 
407.28945      4 
410.00121      3 
412.64084      2 
415.42439      1 
418.22492      2 
420.75353      3 
422.3537       4 
424.63519      3 
426.84554      2 
429.41513      1 
430.64553      2 
432.24905      3 
433.52908      4 
435.56705      3 
437.35402      2 
439.71271      1 
441.6777       2 
442.87348      3 
444.73993      4 
446.17853      3 
447.54794      2 
449.69841      1 
451.66381      2 
453.62934      3 
454.72357      4 
455.7494       3 
458.70699      2 
460.65283      1 
462.61894      2 
464.57395      3 
467.28102      4 
469.89975      3 
472.45118      2 
474.19777      1 
476.1632       2 
478.03737      3 
480.46933      4 
482.68655      3 
484.8374       2 
487.37965      1 
489.34667      2 
491.31372      3 
493.20058      4 
495.02182      3 
496.7776       2 
498.1294       1 
500.09484      2 
501.5858       3 
502.90655      4 
505.02072      3 
506.38685      2 
507.54187      1 
508.6493       2 
510.50754      3 
513.39345      4 
514.43898      3 
517.42082      2 
520.37987      1 
522.3482       2 
525.25063      3 
527.26202      4 
529.92767      3 
532.53051      2 
534.30466      1 
537.10253      2 
539.23816      3 
541.59123      4 
543.88221      3 
546.11126      2 
548.69476      1 
549.92539      2 
552.53627      3 
554.51897      4 
556.44045      3 
558.30084      2 
559.70731      1 
560.9323       2 
562.88825      3 
564.37215      4 
565.69444      3 
567.647        2 
568.87068      1 
570.83892      2 
572.14578      3 
573.37614      4 
574.58207      3 
576.71162      2 
577.75239      1 
578.76287      2 
581.74344      3 
583.66597      4 
586.51269      3 
589.29723      2 
591.16284      1 
594.01901      2 
595.24291      3 
597.80656      4 
600.30009      3 
602.73582      2 
