2.1207548      1 
4.0378045      2 
5.9570847      3 
8.7081808      4 
11.289455      3 
13.706744      2 
15.339389      1 
17.256493      2 
18.939668      3 
20.240509      4 
22.169185      3 
23.610468      2 
24.754364      1 
26.671364      2 
29.571593      3 
32.373594      4 
35.011793      3 
37.490484      2 
39.155728      1 
41.075211      2 
42.793718      3 
45.04066       4 
46.727306      3 
48.256635      2 
49.447645      1 
51.366901      2 
52.429576      3 
55.180867      4 
57.938577      3 
60.531594      2 
62.255469      1 
64.177416      2 
65.949345      3 
68.223434      4 
70.046029      3 
71.715602      2 
73.974338      1 
75.898037      2 
77.821913      3 
78.882919      4 
81.792659      3 
84.551481      2 
86.359153      1 
87.499723      2 
89.853368      3 
91.262753      4 
93.415187      3 
95.275775      2 
97.632021      1 
99.557869      2 
100.70779      3 
102.46812      4 
103.58962      3 
106.56432      2 
108.48011      1 
110.40739      2 
113.21194      3 
115.60282      4 
117.84859      3 
119.94958      2 
122.42788      1 
124.35586      2 
127.08536      3 
128.5749       4 
129.95698      3 
131.19627      2 
133.24481      1 
135.17498      2 
138.08341      3 
140.75482      4 
143.28508      3 
145.6745       2 
148.29879      1 
150.22884      2 
152.15895      3 
153.9883       4 
155.67844      3 
157.22969      2 
158.44118      1 
161.25873      2 
162.32584      3 
165.32522      4 
168.18679      3 
170.91139      2 
173.70505      1 
176.48529      2 
178.93126      3 
181.49523      4 
183.23475      3 
185.14404      2 
186.53802      1 
188.46868      2 
189.91105      3 
192.28671      4 
193.52516      3 
194.63036      2 
196.61678      1 
199.5376       2 
201.48402      3 
204.05932      4 
206.5029       3 
208.81507      2 
210.41172      1 
212.3448       2 
214.03213      3 
215.3491       4 
217.32102      3 
218.85105      2 
220.05647      1 
221.98974      2 
223.13579      3 
224.15305      4 
226.79479      3 
229.56022      2 
232.37548      1 
235.17105      2 
237.65249      3 
239.21995      4 
241.34388      3 
243.34173      2 
245.77787      1 
247.71512      2 
248.91018      3 
250.01842      4 
251.65348      3 
252.90101      2 
253.96474      1 
255.90089      2 
258.78229      3 
261.55         4 
264.18014      3 
266.68765      2 
268.38533      1 
271.1284       2 
273.25832      3 
275.27815      4 
277.17676      3 
278.95443      2 
280.2894       1 
281.47454      2 
283.29781      3 
284.60177      4 
285.81245      3 
287.97925      2 
289.94928      1 
291.89049      2 
294.75456      3 
297.33804      4 
299.80362      3 
302.15156      2 
303.77275      1 
306.49754      2 
309.32394      3 
311.12817      4 
312.89196      3 
314.53974      2 
315.81168      1 
317.75179      2 
319.04001      3 
320.20902      4 
321.29816      3 
324.28195      2 
327.20329      1 
330.07636      2 
332.70942      3 
335.30808      4 
336.98445      3 
339.26064      2 
340.84863      1 
342.79088      2 
344.49214      3 
346.77009      4 
348.48589      3 
350.09039      2 
351.34283      1 
353.28532      2 
354.54932      3 
355.70289      4 
358.10626      3 
361.04831      2 
363.96437      1 
365.90981      2 
368.74254      3 
370.72544      4 
373.1224       3 
375.4111       2 
378.00131      1 
379.94753      2 
382.66985      3 
384.41696      4 
386.16806      3 
387.81239      2 
390.08156      1 
392.02828      2 
394.84752      3 
396.06333      4 
397.17746      3 
398.18627      2 
400.1391       1 
402.08704      2 
404.01943      3 
406.64363      4 
409.12953      3 
411.51157      2 
414.15058      1 
416.88571      2 
419.23954      3 
420.85582      4 
422.72213      3 
424.486        2 
426.81706      1 
428.76598      2 
430.71499      3 
432.07148      4 
433.32671      3 
434.48092      2 
436.5077       1 
438.45827      2 
440.40593      3 
443.16763      4 
445.82019      3 
448.37311      2 
450.10452      1 
451.28722      2 
453.60378      3 
455.05537      4 
457.26316      3 
459.22305      2 
460.66076      1 
463.39039      2 
465.55627      3 
467.12536      4 
468.5973       3 
469.97232      2 
471.1154       1 
472.19923      2 
473.23929      3 
476.23398      4 
479.16697      3 
481.96516      2 
484.8163       1 
486.76886      2 
489.57212      3 
491.55982      4 
493.88337      3 
496.11266      2 
498.68017      1 
500.63334      2 
502.58654      3 
504.44091      4 
506.20208      3 
507.87028      2 
510.15826      1 
511.33162      2 
512.64379      3 
513.84764      4 
515.9712       3 
517.08603      2 
518.0981       1 
521.05251      2 
523.97568      3 
526.72582      4 
529.38531      3 
531.95437      2 
533.69827      1 
534.87682      2 
537.23077      3 
539.7262       4 
541.84618      3 
543.87697      2 
545.35462      1 
547.30832      2 
548.92306      3 
551.23058      4 
552.81847      3 
554.31839      2 
555.52962      1 
556.66517      2 
558.494        3 
559.68252      4 
560.82299      3 
563.81702      2 
565.76301      1 
568.66996      2 
569.79623      3 
572.43137      4 
574.97691      3 
577.43689      2 
579.12935      1 
581.08551      2 
583.82751      3 
585.94718      4 
587.98227      3 
589.93296      2 
592.36631      1 
593.58892      2 
595.06658      3 
596.34324      4 
598.30785      3 
599.75627      2 
