1.128722       1 
3.0481102      2 
5.9418027      3 
8.7305101      4 
11.357652      3 
13.82992       2 
15.494273      1 
18.216576      2 
19.526568      3 
21.556364      4 
23.259594      3 
24.810077      2 
26.014157      1 
27.935732      2 
29.033527      3 
31.766108      4 
34.562697      3 
37.204066      2 
38.954011      1 
40.878331      2 
42.674236      3 
44.970205      4 
46.863531      3 
48.608281      2 
50.906797      1 
53.675126      2 
54.8156        3 
55.969461      4 
56.97645       3 
59.836904      2 
61.696713      1 
64.511157      2 
67.316102      3 
69.287656      4 
71.42049       3 
73.408803      2 
74.83765       1 
77.559074      2 
79.687177      3 
81.100733      4 
82.371426      3 
83.499586      2 
86.492541      1 
89.41336       2 
90.486761      3 
93.048062      4 
95.468465      3 
97.748292      2 
100.31798      1 
101.5335       2 
103.06119      3 
104.31404      4 
106.20377      3 
107.64692      2 
109.79962      1 
110.87142      2 
111.89976      3 
114.56438      4 
117.32923      3 
119.94721      2 
122.68771      1 
124.61983      2 
127.35353      3 
129.20948      4 
131.14849      3 
132.95264      2 
134.29395      1 
135.47682      2 
137.28495      3 
138.56411      4 
140.99377      3 
141.99528      2 
144.92952      1 
147.80417      2 
150.42324      3 
152.99952      4 
155.58719      3 
157.43901      2 
159.97846      1 
162.69405      2 
164.9475       3 
166.46073      4 
168.01927      3 
169.44843      2 
171.59876      1 
173.53419      2 
176.45027      3 
179.36316      4 
182.14992      3 
184.80908      2 
187.57472      1 
190.34491      2 
192.77663      3 
194.37118      4 
196.39676      3 
198.29651      2 
200.68377      1 
202.62108      2 
203.79851      3 
205.59636      4 
206.87124      3 
208.022        2 
210.03551      1 
211.97497      2 
213.90759      3 
216.58438      4 
219.11886      3 
221.53094      2 
224.17572      1 
226.90621      2 
229.24217      3 
231.85446      4 
234.65432      3 
236.2957       2 
237.58334      1 
240.35946      2 
242.45722      3 
243.66065      4 
244.74474      3 
247.70977      2 
250.6327       1 
252.5735       2 
254.51451      3 
257.00602      4 
259.37983      3 
261.63621      2 
263.2121       1 
265.15204      2 
267.86981      3 
269.65919      4 
271.33248      3 
272.88996      2 
274.11629      1 
275.24985      2 
277.04859      3 
278.17527      4 
281.17276      3 
284.04095      2 
285.92039      1 
288.76229      2 
290.80449      3 
293.21841      4 
295.51942      3 
297.70778      2 
300.24571      1 
301.46892      2 
303.0024       3 
305.18701      4 
306.81599      3 
308.33387      2 
309.5425       1 
311.48512      2 
312.67267      3 
313.75582      4 
316.31766      3 
319.17543      2 
322.04882      1 
323.9944       2 
325.94013      3 
328.36096      4 
330.67347      3 
332.87791      2 
335.42614      1 
336.65005      2 
338.19686      3 
340.38877      4 
342.05658      3 
343.61781      2 
344.85071      1 
346.79559      2 
348.03467      3 
349.17123      4 
350.22223      3 
353.20013      2 
356.11091      1 
358.98003      2 
361.61424      3 
364.22258      4 
365.90925      3 
368.21045      2 
370.80919      1 
373.53706      2 
375.86113      3 
377.46083      4 
379.24723      3 
380.93138      2 
383.22271      1 
385.1717       2 
387.12079      3 
388.39829      4 
389.57472      3 
390.6503       2 
393.63774      1 
395.58751      2 
398.48072      3 
401.33923      4 
404.16577      3 
406.26089      2 
408.94871      1 
411.69857      2 
414.09739      3 
415.72558      4 
417.70708      3 
419.5905       2 
421.98343      1 
423.93456      2 
425.12867      3 
426.24394      4 
427.91816      3 
429.21776      2 
430.32234      1 
432.27244      2 
435.21805      3 
438.13289      4 
440.95211      3 
443.67591      2 
446.48992      1 
449.29798      2 
451.82606      3 
453.3973       4 
455.64732      3 
457.80324      2 
459.34077      1 
462.06365      2 
464.24069      3 
466.02236      4 
467.71101      3 
469.30685      2 
471.55876      1 
474.35853      2 
476.47342      3 
479.32571      4 
480.45943      3 
481.50289      2 
483.47944      1 
486.41151      2 
488.38795      3 
491.06738      4 
493.65633      3 
496.155        2 
498.85905      1 
501.6176       2 
504.04242      3 
505.6764       4 
507.7268       3 
509.68818      2 
512.12455      1 
514.8588       2 
517.092        3 
518.57666      4 
520.09593      3 
521.52739      2 
523.69961      1 
525.65574      2 
526.73015      3 
528.57685      4 
531.57228      3 
534.48111      2 
537.39211      1 
539.34909      2 
542.19621      3 
545.03565      4 
547.10442      3 
549.4978       2 
551.15741      1 
552.3671       2 
554.59416      3 
557.07541      4 
559.04467      3 
560.92969      2 
563.33032      1 
565.28834      2 
567.24642      3 
568.79642      4 
570.26314      3 
571.64678      2 
573.79743      1 
574.89145      2 
576.02004      3 
577.07663      4 
579.63295      3 
582.52287      2 
584.42844      1 
586.38755      2 
589.23384      3 
591.79712      4 
594.27941      3 
596.68087      2 
598.34676      1 
600.30516      2 
602.11046      3 
604.4529       4 
606.45309      3 
608.37357      2 
609.80084      1 
611.0243       2 
612.1487       3 
614.04424      4 
616.54953      3 
617.99564      2 
