2.1115281      1 
3.1290506      2 
5.8691739      3 
8.5627834      4 
11.052322      3 
13.359655      2 
15.922334      1 
17.129253      2 
18.604481      3 
20.722334      4 
22.124916      3 
23.347797      2 
25.369658      1 
27.282474      2 
29.181727      3 
31.73077       4 
34.061336      3 
36.214671      2 
38.702944      1 
41.409438      2 
42.660705      3 
44.109189      4 
45.382473      3 
46.480961      2 
48.443765      1 
50.357621      2 
53.171995      3 
55.57532       4 
57.805854      3 
59.863995      2 
61.313849      1 
63.226025      2 
64.688371      3 
65.928306      4 
67.971552      3 
69.003645      2 
71.934703      1 
73.85012       2 
75.765829      3 
78.121737      4 
80.30957       3 
82.329717      2 
84.75625       1 
85.95384       2 
88.491802      3 
89.845057      4 
91.032549      3 
92.054658      2 
94.983035      1 
96.900768      2 
99.700054      3 
102.49076      4 
104.4298       3 
106.46759      2 
108.90521      1 
110.82404      2 
112.00165      3 
113.76604      4 
114.99391      3 
116.06091      2 
118.01509      1 
120.894        2 
123.72081      3 
126.52751      4 
128.49985      3 
130.6094       2 
132.09176      1 
134.01089      2 
136.73703      3 
138.2156       4 
139.53734      3 
140.70261      2 
142.7072       1 
144.6306       2 
146.54177      3 
149.12149      4 
151.50977      3 
153.74372      2 
156.28365      1 
157.49728      2 
160.03501      3 
161.65522      4 
163.12287      3 
164.43832      2 
166.52031      1 
168.44437      2 
170.36956      3 
173.08966      4 
175.64933      3 
178.0589       2 
180.68861      1 
183.40727      2 
185.6996       3 
187.25186      4 
188.91604      3 
190.43217      2 
192.61667      1 
194.54281      2 
196.46918      3 
199.39652      4 
202.17751      3 
204.81249      2 
206.56156      1 
208.48816      2 
211.21754      3 
213.27182      4 
215.18176      3 
216.9477       2 
218.26517      1 
220.19125      2 
221.50493      3 
222.67056      4 
224.96608      3 
227.87492      2 
229.76071      1 
231.69013      2 
233.57227      3 
236.01553      4 
238.21913      3 
240.28265      2 
241.75129      1 
243.67964      2 
245.21328      3 
246.50231      4 
248.50705      3 
249.73687      2 
251.78299      1 
253.71543      2 
255.64407      3 
258.3393       4 
260.88313      3 
263.29071      2 
265.92634      1 
267.85867      2 
270.57466      3 
272.31746      4 
274.04848      3 
275.64513      2 
277.87671      1 
279.00446      2 
280.17441      3 
281.23068      4 
283.61258      3 
286.41274      2 
288.24814      1 
291.05296      2 
293.11328      3 
295.38305      4 
297.52181      3 
299.52986      2 
300.97547      1 
302.90843      2 
304.42639      3 
305.71558      4 
307.7427       3 
308.9728       2 
311.02367      1 
313.95936      2 
316.88197      3 
318.81867      4 
321.40864      3 
323.87146      2 
325.54483      1 
327.48037      2 
329.24188      3 
330.5472       4 
332.56815      3 
334.27426      2 
335.57094      1 
337.50634      2 
338.81857      3 
339.99815      4 
342.30447      3 
345.26426      2 
347.18405      1 
348.2528       2 
350.86256      3 
353.43737      4 
355.78307      3 
358.0068       2 
359.56422      1 
361.50185      2 
363.16117      3 
365.43314      4 
367.05122      3 
368.549        2 
370.73818      1 
371.84419      2 
374.56946      3 
375.58883      4 
378.48929      3 
381.27111      2 
384.10255      1 
386.91132      2 
389.42413      3 
392.00068      4 
394.66577      3 
396.5292       2 
398.01539      1 
399.95527      2 
401.54224      3 
402.8587       4 
404.85803      3 
406.23731      2 
408.36964      1 
410.31203      2 
411.32826      3 
413.20233      4 
416.01196      3 
418.70439      2 
421.49353      1 
423.43704      2 
426.19916      3 
428.13224      4 
430.2595       3 
432.27452      2 
434.72611      1 
436.67024      2 
439.40898      3 
440.93935      4 
442.39698      3 
443.7439       2 
445.86238      1 
447.80711      2 
448.81485      3 
451.76486      4 
454.56205      3 
457.25005      2 
460.03929      1 
461.1943       2 
462.91524      3 
465.29393      4 
467.43977      3 
469.47791      2 
471.94332      1 
473.88973      2 
475.10077      3 
476.21658      4 
477.91556      3 
479.31278      2 
480.46246      1 
481.54724      2 
483.36772      3 
486.29217      4 
489.16336      3 
491.92846      2 
493.76189      1 
496.57702      2 
499.399        3 
501.43026      4 
503.67525      3 
505.81692      2 
508.3362       1 
511.05918      2 
512.37485      3 
514.10567      4 
515.73437      3 
517.26119      2 
519.47407      1 
521.4232       2 
523.37247      3 
524.49408      4 
525.51498      3 
528.43538      2 
531.34525      1 
533.29532      2 
534.40879      3 
536.93594      4 
539.35738      3 
541.67971      2 
544.29128      1 
546.24207      2 
547.46674      3 
549.50906      4 
551.33929      3 
553.07177      2 
554.39564      1 
556.34493      2 
557.74534      3 
560.18754      4 
561.43467      3 
562.5854       2 
564.61276      1 
567.56467      2 
570.49666      3 
572.45875      4 
575.13081      3 
577.70779      2 
580.44857      1 
582.40142      2 
583.59952      3 
585.84176      4 
587.94664      3 
589.95776      2 
592.41661      1 
593.64044      2 
596.20732      3 
597.84552      4 
599.39103      3 
600.84406      2 
