1.1192936      1 
3.0292708      2 
5.8891155      3 
8.6141561      4 
11.149563      3 
13.511874      2 
15.112767      1 
17.025203      2 
18.665646      3 
19.960545      4 
21.876068      3 
23.20815       2 
25.289224      1 
28.204058      2 
30.119295      3 
32.772436      4 
35.256819      3 
37.572832      2 
40.146737      1 
42.853231      2 
45.088135      3 
46.567992      4 
48.047957      3 
49.361866      2 
51.436166      1 
54.353325      2 
57.261963      3 
60.097489      4 
62.03904       3 
64.364619      2 
66.94559       1 
68.155342      2 
70.695347      3 
72.369597      4 
73.881953      3 
75.232785      2 
77.327843      1 
80.234158      2 
82.167123      3 
84.87558       4 
87.424367      3 
89.813851      2 
92.428959      1 
94.349816      2 
97.058549      3 
98.721998      4 
100.32046      3 
101.76181      2 
102.90809      1 
104.82744      2 
107.73592      3 
110.5548       4 
113.216        3 
115.72225      2 
118.39784      1 
120.32088      2 
122.24401      3 
124.134        4 
125.87082      3 
127.45482      2 
129.67087      1 
131.59465      2 
132.65002      3 
135.63581      4 
138.46095      3 
141.13537      2 
143.8971       1 
145.82226      2 
147.74754      3 
149.82253      4 
151.74853      3 
153.52587      2 
155.84064      1 
157.76655      2 
160.566        3 
161.74842      4 
162.78763      3 
165.68023      2 
168.55314      1 
171.37634      2 
173.89393      3 
175.40878      4 
177.57339      3 
179.59341      2 
181.03807      1 
183.75624      2 
185.00364      3 
186.90717      4 
188.2092       3 
189.36863      2 
190.37751      1 
193.30706      2 
196.18205      3 
198.77434      4 
201.22565      3 
203.53632      2 
205.12765      1 
207.05614      2 
208.72695      3 
210.03969      4 
211.20748      3 
212.93203      2 
214.1041       1 
216.949        2 
218.9617       3 
221.88361      4 
224.6684       3 
227.31638      2 
229.0764       1 
231.00761      2 
233.74475      3 
235.84866      4 
237.81732      3 
239.65106      2 
241.00721      1 
242.93789      2 
245.71285      3 
247.00999      4 
248.17375      3 
249.20444      2 
251.15441      1 
254.04293      2 
256.02109      3 
258.52256      4 
260.89248      3 
263.13115      2 
264.6914       1 
267.40501      2 
269.55453      3 
271.27125      4 
272.85824      3 
274.31579      2 
276.48028      1 
278.41568      2 
280.3513       3 
283.29407      4 
286.10888      3 
288.79604      2 
291.57564      1 
293.51227      2 
295.44901      3 
297.62846      4 
299.68172      3 
301.60908      2 
304.01009      1 
305.21369      2 
306.60745      3 
307.8347       4 
309.79425      3 
310.97224      2 
312.99937      1 
315.93744      2 
317.87583      3 
320.55999      4 
323.12139      3 
325.56032      2 
328.21848      1 
330.15768      2 
332.09693      3 
334.04881      4 
335.87963      3 
337.58966      2 
338.89064      1 
340.06172      2 
341.8701       3 
343.12387      4 
345.61911      3 
348.61026      2 
351.54625      1 
353.487        2 
355.42797      3 
357.94536      4 
360.34499      3 
362.62714      2 
364.21579      1 
366.93574      2 
368.25823      3 
370.29173      4 
371.99049      3 
373.57337      2 
375.80731      1 
377.74949      2 
379.69181      3 
380.81387      4 
381.82139      3 
384.71463      2 
387.60401      1 
389.54723      2 
391.49062      3 
393.92938      4 
396.25516      3 
398.46823      2 
400.02495      1 
401.96716      2 
403.63738      3 
405.91533      4 
407.56874      3 
409.111        2 
411.32697      1 
412.45417      2 
413.63907      3 
414.72904      4 
417.1066       3 
419.98751      2 
422.87291      1 
425.7211       2 
428.31344      3 
430.90756      4 
432.62912      3 
434.85726      2 
437.41731      1 
438.64054      2 
441.2118       3 
443.00993      4 
444.70118      3 
446.28579      2 
448.52519      1 
449.66819      2 
450.89489      3 
452.02641      4 
453.08803      3 
456.06794      2 
457.99195      1 
460.8719       2 
462.88587      3 
465.41751      4 
467.84519      3 
470.16914      2 
472.77921      1 
475.5088       2 
477.84103      3 
479.44627      4 
481.25515      3 
482.96174      2 
485.26425      1 
487.21322      2 
490.01217      3 
491.30434      4 
492.50294      3 
493.60064      2 
496.59916      1 
499.54629      2 
502.32751      3 
503.55919      4 
506.15589      3 
508.65309      2 
511.35179      1 
514.10524      2 
515.43396      3 
517.5354       4 
519.53848      3 
521.44342      2 
522.85369      1 
524.80284      2 
526.32272      3 
527.63242      4 
529.69169      3 
531.01251      2 
533.12488      1 
534.18268      2 
535.21482      3 
537.96263      4 
540.80681      3 
543.55154      2 
545.3795       1 
548.19507      2 
550.28137      3 
552.64645      4 
554.91716      3 
557.09372      2 
559.63498      1 
562.36054      2 
564.6554       3 
566.23226      4 
567.94131      3 
569.55751      2 
570.82518      1 
571.99059      2 
573.82246      3 
575.09785      4 
576.3188       3 
578.5817       2 
580.56807      1 
583.50932      2 
585.47673      3 
588.17606      4 
590.78486      3 
593.30334      2 
596.01725      1 
598.77944      2 
601.21312      3 
603.81818      4 
605.61273      3 
607.59364      2 
610.03973      1 
611.26309      2 
612.7465       3 
614.02151      4 
615.97815      3 
617.42887      2 
