1.1169353      1 
2.1399602      2 
5.0695125      3 
7.9040231      4 
10.416496      3 
12.751317      2 
15.329991      1 
16.537019      2 
18.030728      3 
20.153247      4 
21.605937      3 
22.883418      2 
23.936433      1 
25.851585      2 
28.619983      3 
31.25589       4 
33.663364      3 
35.898038      2 
37.435688      1 
38.644801      2 
39.73843       3 
41.539447      4 
42.940718      3 
45.005537      2 
47.023674      1 
49.938717      2 
52.796152      3 
54.720373      4 
57.080316      3 
59.272176      2 
61.78424       1 
63.700654      2 
65.617142      3 
67.140533      4 
68.497769      3 
69.689231      2 
71.702307      1 
74.619677      2 
76.537448      3 
79.069629      4 
81.437939      3 
83.642755      2 
85.17017       1 
86.381337      2 
88.302351      3 
90.82566       4 
92.218636      3 
93.450366      2 
95.485892      1 
98.40548       2 
101.28493      3 
104.10654      4 
106.89151      3 
108.88295      2 
110.446        1 
112.36524      2 
113.98335      3 
116.23483      4 
117.71718      3 
119.04267      2 
120.12979      1 
122.04929      2 
124.90615      3 
126.02233      4 
128.57361      3 
130.9656       2 
132.5903       1 
134.51198      2 
136.19859      3 
137.50389      4 
139.44544      3 
140.91675      2 
142.08063      1 
144.00229      2 
145.01923      3 
147.80747      4 
150.53686      3 
153.10014      2 
155.80646      1 
156.99213      2 
158.61245      3 
159.84957      4 
161.81402      3 
163.48176      2 
165.74188      1 
166.88086      2 
168.07033      3 
169.13616      4 
171.45064      3 
174.23849      2 
177.05744      1 
178.98475      2 
180.91221      3 
183.11464      4 
185.17239      3 
187.08578      2 
188.4772       1 
190.40323      2 
191.82764      3 
193.06579      4 
195.18214      3 
196.23641      2 
199.19241      1 
201.12156      2 
203.95623      3 
205.90875      4 
208.25611      3 
210.46307      2 
212.00301      1 
213.21955      2 
215.19176      3 
217.69937      4 
219.20914      3 
220.58042      2 
221.7004       1 
222.7459       2 
225.72271      3 
228.62023      4 
231.3039       3 
233.85101      2 
236.55617      1 
239.29885      2 
241.665        3 
243.26035      4 
245.12929      3 
246.86354      2 
248.16973      1 
250.93491      2 
252.09044      3 
253.98535      4 
255.05076      3 
257.98332      2 
260.88311      1 
262.81708      2 
264.75126      3 
267.1555       4 
269.42841      3 
271.57031      2 
273.08254      1 
275.79604      2 
277.94564      3 
279.56648      4 
281.0578       3 
282.4199       2 
284.53674      1 
285.58376      2 
288.39878      3 
291.24859      4 
293.96905      3 
296.56207      2 
298.29959      1 
301.05594      2 
303.1683       3 
305.25449      4 
307.21469      3 
309.0492       2 
310.41037      1 
312.34569      2 
313.75602      3 
314.99919      4 
317.14914      3 
318.23557      2 
320.21732      1 
323.13838      2 
326.0092       3 
327.98627      4 
330.45715      3 
332.80578      2 
335.41894      1 
337.35822      2 
339.29755      3 
341.15995      4 
342.9015       3 
344.52247      2 
346.77309      1 
348.71293      2 
350.65292      3 
351.79434      4 
352.81657      3 
355.71988      2 
358.61198      1 
360.55289      2 
362.49397      3 
364.92433      4 
367.23713      3 
369.43264      2 
370.97836      1 
372.91827      2 
374.57125      3 
376.8477       4 
378.46082      3 
379.95827      2 
381.15419      1 
383.09451      2 
384.24988      3 
385.29343      4 
388.28054      3 
391.08951      2 
393.93681      1 
396.7573       2 
399.29534      3 
400.83349      4 
403.07597      3 
405.20594      2 
407.71478      1 
409.65882      2 
411.60292      3 
413.2854       4 
414.85666      3 
416.31695      2 
417.49635      1 
419.43908      2 
420.57247      3 
421.59559      4 
424.27195      3 
427.07627      2 
429.9213       1 
431.86697      2 
434.65771      3 
437.46992      4 
439.479        3 
441.62742      2 
443.15435      1 
444.3786       2 
446.38733      3 
448.90066      4 
450.51309      3 
452.01907      2 
453.224        1 
455.16898      2 
456.35865      3 
459.0331       4 
462.01046      3 
464.88282      2 
467.76638      1 
469.71423      2 
472.52981      3 
474.51399      4 
476.86501      3 
479.11247      2 
480.69081      1 
482.63764      2 
484.34074      3 
486.62567      4 
488.35894      3 
489.99009      2 
491.26064      1 
492.42403      2 
494.24554      3 
495.50038      4 
498.02174      3 
499.04505      2 
502.00635      1 
504.91928      2 
507.63739      3 
508.96815      4 
511.4913       3 
513.91512      2 
515.58292      1 
518.32455      2 
520.47871      3 
522.50745      4 
524.43799      3 
526.27056      2 
528.63816      1 
530.58933      2 
531.77376      3 
533.60347      4 
534.94954      3 
536.19899      2 
538.2757       1 
540.22746      2 
542.18009      3 
545.04652      4 
547.81616      3 
550.4905       2 
552.2839       1 
554.23576      2 
556.11148      3 
558.54035      4 
560.74148      3 
562.84862      2 
564.36193      1 
566.31332      2 
567.96151      3 
569.29826      4 
571.31281      3 
572.86054      2 
575.08846      1 
577.04217      2 
578.996        3 
580.17507      4 
581.26251      3 
584.25852      2 
587.21079      1 
589.16531      2 
591.12002      3 
593.75244      4 
596.29449      3 
598.74636      2 
