1.0909599      1 
2.9771861      2 
5.7094451      3 
8.2722388      4 
10.532437      3 
12.564879      2 
13.974246      1 
15.858593      2 
17.176167      3 
18.28031       4 
21.245076      3 
23.921953      2 
26.648062      1 
29.366379      2 
31.638539      3 
33.141338      4 
34.702821      3 
36.042765      2 
38.102377      1 
40.991896      2 
43.837802      3 
46.615241      4 
49.374362      3 
51.226404      2 
52.634862      1 
54.523843      2 
55.855174      3 
56.977821      4 
59.953942      3 
62.674894      2 
65.427584      1 
68.15893       2 
70.462781      3 
71.986378      4 
73.637299      3 
75.07569       2 
77.189107      1 
78.195799      2 
80.897592      3 
82.039507      4 
84.433736      3 
86.607195      2 
89.089389      1 
90.285748      2 
91.65476       3 
92.826669      4 
93.893186      3 
96.845548      2 
99.70511       1 
102.49363      2 
104.9053       3 
106.4242       4 
108.3236       3 
110.01912      2 
111.27087      1 
112.38506      2 
113.41678      3 
116.35159      4 
119.14046      3 
121.62249      2 
124.26299      1 
126.16308      2 
128.06326      3 
129.74558      4 
131.22911      3 
132.51433      2 
133.55945      1 
135.46508      2 
138.17836      3 
140.75943      4 
143.05988      3 
145.16474      2 
147.61966      1 
149.52234      2 
151.42513      3 
152.7521       4 
153.88573      3 
156.82645      2 
159.70032      1 
162.50387      2 
164.95121      3 
166.46477      4 
168.44761      3 
170.24019      2 
172.54183      1 
174.44703      2 
175.5366       3 
177.26349      4 
180.11136      3 
182.77159      2 
185.50782      1 
188.2432       2 
190.56958      3 
192.11889      4 
193.84739      3 
195.39083      2 
196.57493      1 
197.65116      2 
199.38788      3 
202.22752      4 
204.8827       3 
207.32469      2 
208.96042      1 
211.66757      2 
212.96273      3 
214.09308      4 
215.79836      3 
217.15405      2 
218.24481      1 
221.15254      2 
223.06347      3 
225.71958      4 
228.18144      3 
230.46576      2 
233.01928      1 
234.22749      2 
236.753        3 
238.33127      4 
239.73404      3 
240.96171      2 
242.98828      1 
244.90342      2 
247.76443      3 
250.29575      4 
252.65399      3 
254.83955      2 
256.35281      1 
258.26507      2 
260.98207      3 
262.48084      4 
263.80891      3 
264.96666      2 
266.9607       1 
269.87029      2 
271.79124      3 
274.27166      4 
276.58371      3 
278.72779      2 
280.22273      1 
282.92821      2 
285.04903      3 
286.52508      4 
287.83508      3 
288.97942      2 
290.96916      1 
292.88771      2 
295.7286       3 
298.21409      4 
300.53582      3 
302.69416      2 
305.19182      1 
307.11056      2 
308.30648      3 
309.40587      4 
310.99117      3 
312.17706      2 
314.18966      1 
316.11113      2 
318.02066      3 
320.60127      4 
322.98701      3 
325.21382      2 
327.74789      1 
330.45608      2 
331.74108      3 
333.33583      4 
334.77349      3 
336.0544       2 
337.11866      1 
339.04059      2 
341.86252      3 
344.55292      4 
347.05552      3 
349.40353      2 
352.00028      1 
353.92347      2 
356.63381      3 
358.28261      4 
359.86301      3 
361.29094      2 
362.43275      1 
364.35446      2 
367.26547      3 
370.08933      4 
372.7602       3 
375.28071      2 
377.96571      1 
379.15817      2 
381.7508       3 
383.6733       4 
385.44715      3 
387.07269      2 
388.3171       1 
390.24094      2 
391.42297      3 
392.46212      4 
395.44054      3 
398.18343      2 
399.98555      1 
401.91234      2 
403.74697      3 
406.09123      4 
408.10785      3 
409.98021      2 
412.34463      1 
414.27277      2 
415.42951      3 
416.51343      4 
418.09986      3 
419.11367      2 
422.04944      1 
423.97867      2 
425.90815      3 
428.35615      4 
430.66351      3 
432.83056      2 
434.35068      1 
435.56721      2 
436.66861      3 
438.53061      4 
440.99518      3 
442.3271       2 
444.42425      1 
445.45009      2 
448.25341      3 
451.04302      4 
453.68779      3 
456.19607      2 
457.8873       1 
460.62346      2 
462.74643      3 
464.71191      4 
466.54248      3 
468.23844      2 
469.52536      1 
471.45612      2 
472.73644      3 
473.88321      4 
476.24733      3 
479.14213      2 
481.02556      1 
483.86219      2 
485.89131      3 
488.25813      4 
490.49372      3 
492.59838      2 
495.08541      1 
497.02028      2 
498.22684      3 
500.07384      4 
501.52834      3 
502.85371      2 
503.95494      1 
504.98826      2 
507.95605      3 
510.85232      4 
513.53647      3 
516.09327      2 
517.81295      1 
519.74861      2 
522.47877      3 
524.52906      4 
526.45345      3 
528.25223      2 
530.58919      1 
531.77226      2 
533.09618      3 
535.3785       4 
536.55358      3 
537.60477      2 
540.56847      1 
542.5068       2 
544.4454       3 
547.00391      4 
549.43997      3 
551.75384      2 
553.35591      1 
556.07621      2 
558.22835      3 
560.05632      4 
561.76351      3 
563.35021      2 
565.58373      1 
568.39061      2 
570.46753      3 
571.56869      4 
574.55703      3 
577.42654      2 
580.30175      1 
582.24271      2 
584.18384      3 
586.58071      4 
588.86009      3 
591.02226      2 
592.55144      1 
594.49133      2 
597.21274      3 
598.90877      4 
600.48893      3 
601.9535       2 
