1.1004127      1 
3.9918379      2 
5.8859128      3 
8.4728554      4 
10.82479       3 
12.967188      2 
15.433911      1 
18.135844      2 
20.266631      3 
21.529426      4 
22.631361      3 
25.526639      2 
28.370909      1 
31.150332      2 
33.546817      3 
35.072689      4 
36.941805      3 
38.607106      2 
40.838376      1 
42.736769      2 
44.635438      3 
47.490159      4 
50.143401      3 
52.595629      2 
55.221287      1 
57.923389      2 
60.15484       3 
61.625106      4 
63.079185      3 
64.335013      2 
66.364113      1 
69.265274      2 
72.107511      3 
74.008116      4 
76.279514      3 
78.355386      2 
79.802567      1 
81.703186      2 
83.127024      3 
84.331149      4 
85.409941      3 
88.363612      2 
90.226114      1 
93.022467      2 
95.803357      3 
97.696766      4 
99.651346      3 
101.41574      2 
103.70332      1 
106.47105      2 
107.56384      3 
108.57185      4 
111.39185      3 
114.02427      2 
116.74664      1 
119.47706      2 
120.77044      3 
122.65688      4 
124.35789      3 
125.87391      2 
128.03991      1 
129.94765      2 
131.85711      3 
132.87206      4 
135.46984      3 
137.88479      2 
139.50715      1 
141.41505      2 
143.06585      3 
145.29186      4 
146.80082      3 
148.12984      2 
149.20693      1 
151.11701      2 
153.91868      3 
156.57287      4 
159.00836      3 
161.26637      2 
163.80679      1 
165.71855      2 
167.63039      3 
169.1826       4 
170.55936      3 
171.76109      2 
173.77468      1 
176.68743      2 
179.53745      3 
181.45862      4 
183.79121      3 
185.95117      2 
187.45171      1 
188.65938      2 
190.53729      3 
193.08991      4 
194.39268      3 
195.52519      2 
198.50647      1 
201.40284      2 
204.02362      3 
206.55973      4 
209.10194      3 
210.89838      2 
213.37425      1 
215.29072      2 
217.20726      3 
218.65865      4 
219.94405      3 
221.06384      2 
223.04158      1 
224.96006      2 
227.79214      3 
230.2533       4 
232.55076      3 
234.68489      2 
237.1705       1 
239.08926      2 
241.81554      3 
243.26844      4 
244.59154      3 
245.75356      2 
247.75421      1 
249.67513      2 
251.58266      3 
254.14493      4 
256.50706      3 
258.71032      2 
261.23266      1 
263.15367      2 
265.07474      3 
266.64616      4 
268.06053      3 
269.31822      2 
271.36903      1 
274.29087      2 
276.21311      3 
278.84764      4 
281.32728      3 
283.65239      2 
285.24401      1 
287.16561      2 
288.81958      3 
291.06704      4 
292.6248       3 
294.03014      2 
296.15704      1 
297.20218      2 
299.98609      3 
302.78972      4 
305.43826      3 
307.93648      2 
309.61592      1 
311.54002      2 
313.28116      3 
314.58076      4 
316.55459      3 
318.15816      2 
320.38629      1 
322.31234      2 
323.38093      3 
324.38665      4 
327.30522      3 
330.02644      2 
332.81381      1 
335.58722      2 
336.86933      3 
339.00906      4 
341.00425      3 
342.85524      2 
344.21541      1 
346.14145      2 
347.52063      3 
349.94756      4 
351.08251      3 
354.07523      2 
356.0021       1 
358.8673       2 
360.85924      3 
363.28635      4 
365.57287      3 
367.71913      2 
369.22893      1 
371.1573       2 
372.74027      3 
374.04296      4 
376.01683      3 
377.32825      2 
379.41515      1 
381.34612      2 
384.2774       3 
387.03865      4 
389.66314      3 
392.1512       2 
393.83246      1 
395.76343      2 
398.482        3 
400.42744      4 
402.23802      3 
403.91403      2 
406.18519      1 
407.33521      2 
408.56218      3 
409.67354      4 
410.68233      3 
413.63436      2 
415.50816      1 
418.33801      2 
420.37377      3 
422.7211       4 
424.93725      3 
427.0225       2 
429.49987      1 
431.43475      2 
433.3697       3 
434.93441      4 
436.36973      3 
437.67597      2 
439.7649       1 
441.70048      2 
443.6375       3 
446.43433      4 
449.09957      3 
451.63749      2 
453.34788      1 
456.09373      2 
458.21636      3 
460.24795      4 
462.15369      3 
463.93386      2 
465.26777      1 
468.0224       2 
469.20849      3 
470.31408      4 
472.04198      3 
473.07481      2 
475.03035      1 
476.96921      2 
478.88984      3 
481.47268      4 
483.89059      3 
486.18635      2 
488.77318      1 
490.71251      2 
492.65188      3 
494.46191      4 
496.1512       3 
497.72004      2 
498.94978      1 
500.88767      2 
502.09557      3 
503.18977      4 
505.70614      3 
508.55907      2 
511.42548      1 
513.36648      2 
515.30763      3 
517.68704      4 
519.94901      3 
522.09382      2 
524.60775      1 
526.54949      2 
529.27484      3 
530.89222      4 
532.45521      3 
533.90265      2 
535.07318      1 
537.01359      2 
539.90832      3 
542.89618      4 
545.7698       3 
548.52945      2 
551.35213      1 
554.15763      2 
556.66766      3 
558.23057      4 
560.42429      3 
562.50561      2 
564.99022      1 
567.71276      2 
569.95175      3 
571.44455      4 
572.96771      3 
574.38002      2 
576.53115      1 
578.4758       2 
581.38391      3 
584.3515       4 
587.21333      3 
589.96582      2 
592.78724      1 
593.9243       2 
595.66862      3 
598.08768      4 
600.29727      3 
602.39902      2 
604.8961       1 
606.84247      2 
608.78889      3 
610.46178      4 
612.02808      3 
613.48804      2 
