2.1092212      1 
3.1226122      2 
5.8562707      3 
8.534947       4 
11.001551      3 
13.281395      2 
15.828081      1 
17.034307      2 
18.490605      3 
20.606125      4 
21.958599      3 
23.12688       2 
26.119112      1 
29.018302      2 
31.629916      3 
34.148761      4 
35.761874      3 
37.83387       2 
39.286025      1 
40.485198      2 
41.582084      3 
43.248585      4 
44.539038      3 
47.535787      2 
49.443615      1 
52.277289      2 
55.074803      3 
57.008544      4 
59.109669      3 
61.034091      2 
62.414844      1 
63.597823      2 
65.371325      3 
66.6041        4 
67.675393      3 
70.634581      2 
72.486817      1 
74.40013       2 
76.238597      3 
78.580656      4 
80.588012      3 
82.42349       2 
83.761978      1 
85.674098      2 
86.973859      3 
88.105962      4 
90.415525      3 
93.228762      2 
96.050153      1 
98.832069      2 
101.25934      3 
102.8111       4 
104.78185      3 
106.58541      2 
108.90403      1 
110.82072      2 
112.73757      3 
113.87623      4 
116.84962      3 
119.65812      2 
121.48338      1 
124.26878      2 
126.31617      3 
128.46891      4 
130.45865      3 
132.28577      2 
134.61843      1 
136.53741      2 
137.66577      3 
138.72331      4 
140.29987      3 
143.15909      2 
145.0115       1 
147.81526      2 
149.84923      3 
152.07059      4 
154.13341      3 
156.03804      2 
157.41813      1 
158.60671      2 
160.40544      3 
161.68304      4 
164.07647      3 
167.03963      2 
168.94524      1 
171.78772      2 
174.59897      3 
176.56617      4 
178.75466      3 
180.78929      2 
182.23663      1 
183.44264      2 
185.29842      3 
186.66286      4 
187.88523      3 
189.85442      2 
191.83848      1 
193.76383      2 
195.67336      3 
198.23259      4 
200.59793      3 
202.81361      2 
205.34674      1 
207.27233      2 
209.19799      3 
210.81845      4 
212.29097      3 
213.61588      2 
214.70743      1 
217.61729      2 
220.55794      3 
223.29582      4 
225.88779      3 
228.33417      2 
230.98453      1 
233.70881      2 
235.02514      3 
236.89256      4 
238.61607      3 
240.19601      2 
242.41465      1 
244.34303      2 
246.2716       3 
247.28053      4 
250.14753      3 
252.87292      2 
254.66871      1 
257.4472       2 
259.52419      3 
261.68643      4 
263.70868      3 
265.59128      2 
266.9696       1 
268.16344      2 
269.98669      3 
271.30436      4 
272.50706      3 
274.61481      2 
276.57265      1 
278.50469      2 
281.34454      3 
283.84815      4 
286.21559      3 
288.44719      2 
290.99515      1 
292.92763      2 
295.64549      3 
297.26829      4 
298.82535      3 
300.24843      2 
302.39341      1 
304.32655      2 
306.25993      3 
309.15018      4 
311.90799      3 
314.53366      2 
316.28497      1 
319.04551      2 
321.14921      3 
323.24937      4 
325.21892      3 
327.05815      2 
329.41295      1 
330.60108      2 
331.93899      3 
333.13482      4 
335.16157      3 
336.22516      2 
339.19275      1 
342.09764      2 
344.77403      3 
347.36971      4 
349.93257      3 
351.77186      2 
354.3578       1 
356.29482      2 
358.23189      3 
360.02637      4 
361.69554      3 
363.23969      2 
365.4497       1 
368.27063      2 
369.35339      3 
370.40034      4 
373.3237       3 
376.12376      2 
377.96527      1 
380.77775      2 
383.59153      3 
385.5949       4 
387.7827       3 
389.84889      2 
392.32136      1 
394.26086      2 
396.99366      3 
398.53405      4 
399.9964       3 
401.33881      2 
403.45043      1 
404.4972       2 
407.32479      3 
410.19116      4 
412.93803      3 
415.56661      2 
418.32161      1 
421.09049      2 
423.52483      3 
425.12811      4 
427.16933      3 
429.09389      2 
431.49812      1 
432.70529      2 
434.11433      3 
435.35313      4 
437.31128      3 
438.5415       2 
439.60108      1 
441.54197      2 
444.43288      3 
447.21787      4 
449.87676      3 
452.42218      2 
455.13802      1 
457.89266      2 
460.29766      3 
461.91284      4 
463.89479      3 
465.76483      2 
468.14419      1 
470.88728      2 
473.06337      3 
474.42488      4 
475.73919      3 
476.94312      2 
477.99156      1 
480.99117      2 
483.88027      3 
486.64523      4 
489.30107      3 
491.84805      2 
493.57199      1 
495.5168       2 
497.33613      3 
499.67694      4 
501.68336      3 
503.58242      2 
505.97854      1 
507.92506      2 
509.87165      3 
511.34371      4 
512.70965      3 
513.96969      2 
515.04931      1 
516.99482      2 
519.91646      3 
522.75967      4 
525.49392      3 
528.12373      2 
529.89071      1 
532.669        2 
534.78271      3 
536.99719      4 
539.10843      3 
541.11668      2 
542.57619      1 
544.52299      2 
546.09752      3 
548.41026      4 
549.90706      3 
551.30228      2 
552.45329      1 
554.40082      2 
555.49791      3 
558.29543      4 
561.18661      3 
563.97723      2 
566.82228      1 
569.64724      2 
572.20419      3 
574.80102      4 
576.56152      3 
578.75585      2 
580.31014      1 
581.53545      2 
582.63662      3 
584.65341      4 
587.07165      3 
588.67789      2 
589.93819      1 
591.09809      2 
592.92258      3 
594.17327      4 
596.70819      3 
597.73441      2 
599.70027      1 
602.62035      2 
605.50387      3 
607.51536      4 
610.06434      3 
612.51852      2 
