2.1023001      1 
4.0009327      2 
6.9000223      3 
9.4987138      4 
11.896516      3 
14.093893      2 
15.599258      1 
17.497675      2 
18.991633      3 
20.230008      4 
22.208726      3 
23.213205      2 
25.118696      1 
27.942305      2 
29.920302      3 
32.13864       4 
34.161573      3 
35.989551      2 
37.312676      1 
39.213166      2 
40.447528      3 
41.498845      4 
43.922945      3 
46.601661      2 
49.339287      1 
51.24378       2 
53.1484        3 
55.051368      4 
56.764265      3 
58.287531      2 
59.459042      1 
60.523676      2 
63.4986        3 
66.35878       4 
68.940418      3 
71.33503       2 
73.938887      1 
76.642467      2 
78.875697      3 
80.35057       4 
81.816497      3 
83.097969      2 
85.146821      1 
87.057489      2 
88.958663      3 
90.066502      4 
92.442035      3 
94.625666      2 
96.133382      1 
98.041024      2 
100.75866      3 
102.21879      4 
103.49909      3 
104.59997      2 
107.5608       1 
110.43508      2 
113.01042      3 
115.53086      4 
117.17765      3 
119.21066      2 
120.64568      1 
123.35876      2 
125.46296      3 
126.79222      4 
127.94656      3 
130.92638      2 
133.82901      1 
136.66039      2 
139.16913      3 
141.69264      4 
144.3075       3 
146.06926      2 
148.45412      1 
149.63911      2 
150.95359      3 
153.18271      4 
154.26913      3 
157.18579      2 
160.05918      1 
161.15911      2 
162.88445      3 
164.07188      4 
166.19836      3 
168.10466      2 
170.47448      1 
171.65601      2 
172.95966      3 
175.20746      4 
176.28241      3 
179.19224      2 
181.0672       1 
183.88375      2 
186.68154      3 
188.6281       4 
190.718        3 
192.64506      2 
195.02751      1 
196.94641      2 
198.86543      3 
200.14481      4 
201.26321      3 
204.221        2 
207.11954      1 
209.95429      2 
212.4804       3 
213.96883      4 
216.12908      3 
218.13091      2 
219.5596       1 
222.27809      2 
224.39532      3 
225.76717      4 
226.98243      3 
228.04146      2 
229.994        1 
231.91691      2 
234.73853      3 
237.17624      4 
239.4595       3 
241.58869      2 
244.07643      1 
245.28769      2 
246.73001      3 
248.88337      4 
250.24745      3 
251.45957      2 
252.49084      1 
255.41479      2 
257.33406      3 
259.96642      4 
262.42395      3 
264.7316       2 
267.31054      1 
269.23607      2 
271.16165      3 
272.87324      4 
274.43667      3 
275.85229      2 
277.98663      1 
279.03991      2 
281.82965      3 
284.65935      4 
287.34098      3 
289.87683      2 
292.57177      1 
295.30792      2 
297.65417      3 
300.24108      4 
301.90515      3 
303.57332      2 
305.83596      1 
306.97803      2 
308.17851      3 
310.60247      4 
313.55669      3 
316.3691       2 
318.20761      1 
321.01048      2 
323.06358      3 
325.31204      4 
327.42031      3 
329.38873      2 
330.80996      1 
332.73829      2 
334.21079      3 
335.47595      4 
336.64095      3 
338.4739       2 
340.47313      1 
342.40538      2 
344.32745      3 
346.94513      4 
349.39625      3 
351.71132      2 
354.30087      1 
357.01803      2 
358.33308      3 
360.10714      4 
361.74671      3 
363.25213      2 
365.4382       1 
367.37125      2 
370.25837      3 
373.22404      4 
376.06324      3 
378.77011      2 
380.56134      1 
383.34109      2 
385.42598      3 
387.6066       4 
389.65642      3 
391.57573      2 
392.97703      1 
394.90999      2 
396.36953      3 
398.7346       4 
400.00589      3 
401.14846      2 
402.15579      1 
405.09224      2 
407.97814      3 
410.60883      4 
413.11228      3 
415.48879      2 
417.11954      1 
418.32888      2 
419.40969      3 
421.46998      4 
423.85486      3 
425.47584      2 
427.72416      1 
428.86521      2 
430.07487      3 
431.17738      4 
434.17714      3 
437.05297      2 
438.93163      1 
441.76893      2 
442.98297      3 
445.38927      4 
447.65197      3 
449.79289      2 
452.30259      1 
454.24203      2 
456.18152      3 
457.83813      4 
459.37435      3 
460.79046      2 
462.93888      1 
464.01533      2 
465.07104      3 
467.74407      4 
470.56797      3 
473.26925      2 
476.0605       1 
478.84682      2 
481.31671      3 
482.9026       4 
485.01568      3 
487.01194      2 
488.45857      1 
490.39845      2 
491.93766      3 
494.25801      4 
495.67415      3 
496.97508      2 
498.0709       1 
499.10606      2 
500.95929      3 
503.82931      4 
506.57787      3 
509.19302      2 
510.94825      1 
512.89086      2 
515.63818      3 
517.8014       4 
519.85228      3 
521.79109      2 
523.21136      1 
525.94154      2 
528.09315      3 
529.58624      4 
530.96853      3 
532.24029      2 
533.32354      1 
535.26667      2 
538.18504      3 
541.02184      4 
543.74473      3 
546.3586       2 
549.11087      1 
551.88202      2 
554.32644      3 
555.93558      4 
558.00814      3 
559.97317      2 
561.40884      1 
562.62583      2 
564.53985      3 
565.97305      4 
567.25635      3 
569.18177      2 
570.29467      1 
572.24002      2 
573.24933      3 
576.10293      4 
578.90944      3 
581.60343      2 
584.39796      1 
587.19151      2 
589.68478      3 
592.27331      4 
594.05455      3 
596.12609      2 
597.61711      1 
600.33883      2 
601.64032      3 
602.80274      4 
604.59502      3 
606.05266      2 
