2.086148       1 
5.0834513      2 
7.9204551      3 
9.7139818      4 
11.951246      3 
13.956199      2 
15.349514      1 
16.519264      2 
18.222804      3 
19.318116      4 
21.88299       3 
24.519093      2 
27.215681      1 
28.392689      2 
30.928845      3 
32.639912      4 
34.124487      3 
35.383092      2 
37.399719      1 
39.28999       2 
41.157159      3 
43.589386      4 
45.725926      3 
47.639602      2 
48.991833      1 
50.149708      2 
51.846119      3 
52.881173      4 
55.857865      3 
58.445098      2 
60.134265      1 
62.841215      2 
64.91053       3 
66.623612      4 
68.119413      3 
69.398435      2 
71.429895      1 
73.325239      2 
76.154556      3 
78.571441      4 
80.774031      3 
82.762822      2 
85.150725      1 
86.323938      2 
87.584357      3 
88.67594       4 
90.733781      3 
93.454193      2 
96.206863      1 
98.939938      2 
100.21934      3 
102.09703      4 
103.76628      3 
105.22757      2 
106.35812      1 
109.23062      2 
111.14835      3 
113.79705      4 
116.22569      3 
118.44921      2 
119.96528      1 
121.86141      2 
123.36224      3 
125.63539      4 
126.84046      3 
127.84324      2 
130.7435       1 
132.6429       2 
133.78301      3 
136.00544      4 
138.00376      3 
139.80258      2 
142.10272      1 
144.00331      2 
145.9041       3 
146.90948      4 
149.71764      3 
152.32904      2 
154.04149      1 
156.76349      2 
158.05323      3 
160.0436       4 
161.67796      3 
163.11826      2 
165.24185      1 
166.26575      2 
168.99359      3 
171.68277      4 
174.15946      3 
176.44476      2 
177.99835      1 
179.90148      2 
181.46648      3 
182.73686      4 
184.66114      3 
185.80731      2 
187.78665      1 
190.6739       2 
192.59855      3 
194.99402      4 
197.20288      3 
199.22558      2 
200.65084      1 
202.55606      2 
203.9635       3 
205.1637       4 
207.27168      3 
210.18635      2 
212.05462      1 
213.96345      2 
215.8025       3 
218.14348      4 
220.14644      3 
221.96831      2 
223.29532      1 
225.20279      2 
226.46806      3 
227.562        4 
229.93274      3 
232.68138      2 
234.46821      1 
235.61665      2 
237.88374      3 
240.30289      4 
242.16016      3 
243.84128      2 
245.09976      1 
246.22862      2 
247.96067      3 
250.82574      4 
253.63373      3 
256.2665       2 
258.99595      1 
260.90967      2 
263.62434      3 
265.3977       4 
267.16786      3 
268.76668      2 
270.98092      1 
272.89548      2 
274.81028      3 
277.72771      4 
280.47578      3 
283.05487      2 
284.76506      1 
286.6801       2 
289.39077      3 
291.29783      4 
293.03785      3 
294.61122      2 
295.81988      1 
298.63641      2 
299.67381      3 
302.6263       4 
305.37214      3 
307.95361      2 
310.66209      1 
313.39609      2 
315.72982      3 
317.29754      4 
319.06285      3 
320.66606      2 
321.89216      1 
323.00697      2 
324.75487      3 
327.63245      4 
330.43411      3 
333.0725       2 
334.81644      1 
336.73616      2 
338.51836      3 
340.79728      4 
342.6418       3 
344.32863      2 
345.59931      1 
347.51845      2 
350.34913      3 
351.40887      4 
354.31274      3 
357.0611       2 
359.85741      1 
362.63163      2 
365.05408      3 
367.60576      4 
369.31608      3 
371.13886      2 
373.47396      1 
375.39754      2 
377.32124      3 
378.53405      4 
379.59524      3 
382.50516      2 
385.38441      1 
388.20985      2 
390.72762      3 
392.23626      4 
394.39506      3 
396.40467      2 
398.83516      1 
400.03889      2 
402.58355      3 
403.99984      4 
405.26866      3 
406.39033      2 
409.37773      1 
411.30444      2 
413.23148      3 
415.76799      4 
418.15905      3 
420.40499      2 
422.9555       1 
425.6675       2 
426.96715      3 
428.63597      4 
430.16134      3 
431.54359      2 
432.6668       1 
434.59327      2 
437.50127      3 
440.31828      4 
442.98986      3 
445.52029      2 
447.22016      1 
449.95751      2 
452.07475      3 
454.0438       4 
455.87333      3 
457.56364      2 
459.83962      1 
461.7702       2 
462.87978      3 
464.65357      4 
467.65261      3 
470.51435      2 
473.37646      1 
476.19655      2 
478.71599      3 
480.24119      4 
482.42116      3 
484.46572      2 
486.92052      1 
489.64142      2 
491.83897      3 
493.25056      4 
494.62272      3 
495.86133      2 
496.91573      1 
499.84774      2 
501.78058      3 
504.49987      4 
507.07533      3 
509.51907      2 
512.17502      1 
514.9051       2 
516.22756      3 
518.14746      4 
519.93716      3 
521.59695      2 
523.86233      1 
525.79754      2 
526.90686      3 
528.69072      4 
529.70546      3 
532.59208      2 
534.47377      1 
536.41001      2 
539.20718      3 
541.58426      4 
543.8347       3 
545.95878      2 
547.46444      1 
550.17945      2 
551.47134      3 
553.42884      4 
554.92548      3 
556.29749      2 
557.42491      1 
559.36079      2 
562.29737      3 
565.17377      4 
567.92696      3 
570.55725      2 
572.31538      1 
575.08245      2 
577.18888      3 
579.33036      4 
581.35033      3 
583.24909      2 
584.64473      1 
586.58233      2 
588.04824      3 
590.41557      4 
591.71241      3 
592.88968      2 
593.91967      1 
595.86202      2 
598.69225      3 
601.4235       4 
604.00713      3 
606.47285      2 
