2.0584491      1 
4.9133808      2 
6.7689972      3 
9.0186907      4 
10.980748      3 
12.655831      2 
14.850511      1 
15.892657      2 
18.87112       3 
21.404904      4 
23.655005      3 
25.622077      2 
26.970974      1 
29.69244       2 
31.683022      3 
34.524481      4 
37.086157      3 
39.368693      2 
41.870709      1 
44.550394      2 
46.631712      3 
47.781436      4 
50.677892      3 
53.299046      2 
55.972055      1 
58.658446      2 
60.835482      3 
62.220597      4 
63.474723      3 
66.457329      2 
69.312913      1 
71.177921      2 
72.341638      3 
74.30788       4 
75.942246      3 
77.308826      2 
79.358664      1 
81.230364      2 
83.076804      3 
85.459415      4 
87.496287      3 
89.269052      2 
90.529491      1 
93.301163      2 
96.261098      3 
98.983509      4 
101.44484      3 
103.6457       2 
105.12293      1 
107.8085       2 
109.85721      3 
111.02215      4 
113.9296       3 
116.58015      2 
119.27702      1 
120.44976      2 
122.96426      3 
124.59314      4 
125.96806      3 
127.08962      2 
130.02384      1 
131.89777      2 
133.7721       3 
135.88602      4 
137.74948      3 
139.36306      2 
141.54549      1 
142.59345      2 
145.2491       3 
147.89056      4 
150.26333      3 
152.38966      2 
153.83666      1 
155.71184      2 
158.45254      3 
159.59874      4 
162.50132      3 
165.16083      2 
166.87424      1 
168.75266      2 
170.4194       3 
171.6828       4 
173.50524      3 
174.7181       2 
176.70521      1 
179.57435      2 
181.46661      3 
183.7261       4 
185.74862      3 
187.53472      2 
188.81585      1 
190.69531      2 
193.54115      3 
196.38698      4 
198.99909      3 
201.37803      2 
202.95743      1 
204.15235      2 
206.02086      3 
208.52318      4 
209.74427      3 
212.7354       2 
214.6185       1 
217.41218      2 
219.38759      3 
221.46411      4 
223.3133       3 
224.93569      2 
227.13403      1 
228.20326      2 
230.8894       3 
233.61623      4 
236.11237      3 
238.38483      2 
239.91601      1 
241.11316      2 
242.94282      3 
244.26067      4 
246.45564      3 
249.39672      2 
252.25693      1 
255.03987      2 
256.26865      3 
258.33233      4 
260.17792      3 
261.80592      2 
264.01168      1 
266.82589      2 
268.79527      3 
271.55793      4 
274.1055       3 
276.43847      2 
278.99782      1 
280.89114      2 
283.59506      3 
285.03704      4 
286.30444      3 
287.36018      2 
289.28399      1 
291.17942      2 
293.94337      3 
296.1574       4 
298.16221      3 
299.95829      2 
301.2584       1 
302.39757      2 
304.09616      3 
306.93115      4 
309.69399      3 
312.24771      2 
314.92163      1 
316.10826      2 
317.64719      3 
319.762        4 
321.29347      3 
322.6219       2 
323.68685      1 
326.58429      2 
328.47857      3 
331.03385      4 
333.35408      3 
335.47407      2 
336.94094      1 
338.13753      2 
339.94108      3 
342.54963      4 
343.67529      3 
346.60344      2 
349.46873      1 
352.2648       2 
354.69609      3 
356.21451      4 
358.16199      3 
359.9147       2 
361.19995      1 
363.10043      2 
364.26899      3 
366.89868      4 
369.68591      3 
372.27932      2 
373.98518      1 
376.70668      2 
377.99889      3 
379.99243      4 
381.63194      3 
383.08199      2 
385.21276      1 
387.11825      2 
390.02412      3 
392.72067      4 
395.22993      3 
397.55233      2 
400.12021      1 
402.82116      2 
405.03239      3 
406.47261      4 
407.86715      3 
409.0774       2 
411.09063      1 
413.00091      2 
415.84387      3 
418.3212       4 
420.61634      3 
422.72973      2 
425.19581      1 
426.3971       2 
427.78491      3 
428.98013      4 
430.86156      3 
431.89317      2 
434.81936      1 
437.66602      2 
440.19604      3 
441.65569      4 
443.79717      3 
445.76185      2 
448.15615      1 
450.06813      2 
452.82872      3 
454.08154      4 
455.16834      3 
458.08077      2 
460.94975      1 
462.86308      2 
464.77665      3 
466.99562      4 
469.04223      3 
470.91688      2 
472.27501      1 
474.18713      2 
476.96567      3 
478.15639      4 
479.17711      3 
482.02823      2 
483.87213      1 
486.66668      2 
489.45707      3 
492.27924      4 
494.16154      3 
496.0032       2 
498.34081      1 
500.25747      2 
502.17427      3 
503.35068      4 
504.36172      3 
507.2078       2 
509.05149      1 
510.96933      2 
513.72314      3 
515.9131       4 
517.93998      3 
519.80415      2 
521.16167      1 
522.34127      2 
523.43582      3 
525.05606      4 
526.22147      3 
529.19972      2 
531.07005      1 
533.88549      2 
536.68492      3 
539.50297      4 
541.43529      3 
543.37596      2 
544.77409      1 
547.50052      2 
549.60999      3 
550.92124      4 
552.07604      3 
555.07475      2 
556.99777      1 
559.85353      2 
562.67072      3 
565.48209      4 
567.45651      3 
569.5262       2 
571.98431      1 
573.90771      2 
575.83119      3 
577.28863      4 
578.5939       3 
579.74734      2 
580.74835      1 
583.67374      2 
585.58736      3 
588.173        4 
590.57252      3 
592.8223       2 
595.37242      1 
597.29798      2 
599.22361      3 
600.87786      4 
602.38409      3 
603.74264      2 
604.85139      1 
606.77554      2 
609.66474      3 
612.44485      4 
615.07006      3 
617.54962      2 
