1.0506904      1 
3.8964323      2 
6.6646265      3 
8.8408467      4 
10.711168      3 
12.276294      2 
14.406872      1 
17.254686      2 
19.103172      3 
21.454537      4 
23.504206      3 
25.252876      2 
26.482472      1 
28.328989      2 
31.113773      3 
33.696551      4 
35.950593      3 
37.907773      2 
40.238502      1 
41.361826      2 
42.419621      3 
44.75671       4 
47.278847      3 
49.46916       2 
51.918339      1 
53.772666      2 
55.627164      3 
56.653077      4 
59.389566      3 
61.837296      2 
63.423319      1 
64.606407      2 
66.391328      3 
67.644071      4 
68.658359      3 
71.547145      2 
73.274349      1 
75.969595      2 
77.986477      3 
79.582965      4 
80.89793       3 
81.93202       2 
83.811288      1 
85.672273      2 
88.374448      3 
90.291494      4 
91.930887      3 
93.293265      2 
94.337689      1 
97.199633      2 
99.988974      3 
102.24966      4 
104.23651      3 
105.95015      2 
108.17098      1 
109.23774      2 
111.86493      3 
114.50792      4 
116.86494      3 
118.95251      2 
121.36201      1 
123.2279       2 
124.33086      3 
125.9635       4 
128.71309      3 
131.19694      2 
132.81225      1 
134.67879      2 
136.21605      3 
137.43818      4 
139.29888      3 
142.20104      2 
144.02467      1 
146.7693       2 
148.76079      3 
150.62059      4 
152.2213       3 
153.56352      2 
154.60708      1 
157.47817      2 
159.33188      3 
160.48425      4 
162.58022      3 
164.38394      2 
165.66464      1 
167.53476      2 
168.57821      3 
171.21977      4 
173.79551      3 
176.08187      2 
178.59959      1 
179.78953      2 
181.14215      3 
183.2337       4 
184.27154      3 
187.0614       2 
189.83234      1 
192.55868      2 
193.82244      3 
195.62608      4 
197.18459      3 
198.49852      2 
199.53465      1 
201.42009      2 
204.03713      3 
206.53036      4 
208.62985      3 
210.48814      2 
212.7972       1 
214.67705      2 
217.50117      3 
220.38778      4 
223.04833      3 
225.47097      2 
228.06349      1 
229.94524      2 
231.8271       3 
233.30363      4 
234.545        3 
235.55174      2 
238.43782      1 
241.23089      2 
242.44042      3 
244.51405      4 
246.35575      3 
247.96604      2 
250.15605      1 
252.04068      2 
254.92569      3 
257.6157       4 
260.07696      3 
262.31001      2 
264.81268      1 
266.69917      2 
267.86795      3 
269.56349      4 
270.6633       3 
273.53802      2 
275.36631      1 
277.25441      2 
279.03153      3 
281.26951      4 
283.02657      3 
284.56164      2 
285.72272      1 
287.60909      2 
290.44168      3 
293.11475      4 
295.54752      3 
297.76135      2 
299.26571      1 
301.1549       2 
303.87155      3 
305.21466      4 
306.34134      3 
309.25209      2 
312.09947      1 
313.99215      2 
315.15669      3 
317.25391      4 
319.09245      3 
320.71803      2 
322.92489      1 
324.81871      2 
326.71339      3 
329.49254      4 
332.06065      3 
334.41872      2 
336.99288      1 
339.68749      2 
341.87768      3 
343.28048      4 
344.59562      3 
345.70361      2 
348.65414      1 
350.55104      2 
353.33352      3 
355.21323      4 
357.29262      3 
359.16771      2 
361.50357      1 
363.4018       2 
365.30022      3 
366.3628       4 
369.22343      3 
371.88256      2 
373.61625      1 
376.34399      2 
378.41128      3 
380.26908      4 
381.92769      3 
383.38758      2 
384.52213      1 
386.42029      2 
389.26144      3 
391.95185      4 
394.42497      3 
396.7021       2 
399.24283      1 
400.44693      2 
402.95976      3 
404.45743      4 
405.76135      3 
406.87198      2 
408.83168      1 
410.73641      2 
413.53474      3 
415.87662      4 
418.02741      3 
419.98757      2 
421.37927      1 
423.28213      2 
424.63336      3 
427.05279      4 
428.0663       3 
430.8918       2 
433.71047      1 
435.61705      2 
437.52382      3 
439.60155      4 
441.49342      3 
443.19986      2 
444.46645      1 
446.37159      2 
447.52381      3 
450.17688      4 
452.96499      3 
455.56774      2 
457.28276      1 
460.01054      2 
462.09605      3 
463.97145      4 
465.66607      3 
467.18031      2 
468.35193      1 
469.42071      2 
472.40644      3 
475.28192      4 
477.90051      3 
480.3412       2 
481.97856      1 
484.68747      2 
485.98518      3 
487.94388      4 
489.50122      3 
490.88312      2 
492.98677      1 
494.89924      2 
496.81359      3 
499.5087       4 
502.01939      3 
504.35704      2 
505.94573      1 
507.85814      2 
509.48588      3 
511.72362      4 
513.20204      3 
514.5098       2 
516.57872      1 
519.49358      2 
521.40887      3 
524.03791      4 
526.49825      3 
528.79028      2 
531.35223      1 
533.26857      2 
534.47467      3 
536.31466      4 
537.77091      3 
539.06117      2 
541.12364      1 
543.04236      2 
544.95708      3 
547.6064       4 
550.07236      3 
552.37461      2 
554.94396      1 
557.65152      2 
559.88863      3 
562.54031      4 
563.98906      3 
565.31688      2 
567.40044      1 
569.31989      2 
571.24033      3 
573.93802      4 
576.46406      3 
578.83085      2 
581.43465      1 
582.64289      2 
585.19271      3 
586.92616      4 
588.50219      3 
589.92115      2 
591.05603      1 
592.9754       2 
595.87433      3 
598.67348      4 
601.31255      3 
603.79672      2 
