2.0607578      1 
4.9179872      2 
7.7107191      3 
9.5281631      4 
11.513154      3 
13.215726      2 
14.431341      1 
15.489822      2 
18.405097      3 
20.049724      4 
22.408016      3 
24.429688      2 
25.808259      1 
27.666986      2 
28.847205      3 
31.829236      4 
34.46782       3 
36.831695      2 
38.383032      1 
39.569208      2 
41.338715      3 
43.900486      4 
46.900283      3 
49.629147      2 
52.358147      1 
54.223516      2 
56.089049      3 
57.740409      4 
59.123943      3 
60.240269      2 
62.166601      1 
64.973746      2 
66.899462      3 
68.953093      4 
70.742579      3 
72.268529      2 
73.403791      1 
74.40412       2 
77.264014      3 
80.004124      4 
82.221472      3 
84.178906      2 
85.53455       1 
87.402513      2 
88.576333      3 
91.561181      4 
94.227999      3 
96.638476      2 
98.22206       1 
100.90112      2 
102.13964      3 
103.93195      4 
105.06955      3 
107.95433      2 
109.77396      1 
111.64832      2 
114.34637      3 
116.22569      4 
117.85509      3 
119.23515      2 
120.30288      1 
122.18395      2 
124.84381      3 
126.11617      4 
128.30914      3 
130.20516      2 
132.53072      1 
135.2711       2 
136.34659      3 
139.26459      4 
141.9395       3 
144.37186      2 
145.97314      1 
147.85112      2 
149.40294      3 
151.61303      4 
152.84107      3 
155.82991      2 
157.70737      1 
160.49329      2 
162.46717      3 
164.5047       4 
166.30576      3 
167.87091      2 
170.03609      1 
171.91845      2 
174.80124      3 
177.42815      4 
179.82186      3 
181.98289      2 
184.44739      1 
186.33163      2 
188.216        3 
189.45168      4 
190.45737      3 
193.23357      2 
196.00691      1 
198.74139      2 
201.04361      3 
202.55743      4 
204.19417      3 
205.60459      2 
207.69711      1 
209.58635      2 
211.4702       3 
214.01344      4 
216.30006      3 
218.36346      2 
220.78394      1 
222.67285      2 
223.81035      3 
225.49057      4 
228.44562      3 
231.18052      2 
233.93787      1 
235.82849      2 
237.71928      3 
239.57868      4 
241.22046      3 
242.64512      2 
244.74937      1 
246.64154      2 
249.5301       3 
252.09129      4 
254.43785      3 
256.57028      2 
259.02974      1 
260.9232       2 
263.65725      3 
264.92587      4 
265.99501      3 
268.85297      2 
270.67984      1 
273.44712      2 
274.69623      3 
276.79124      4 
278.60053      3 
280.20153      2 
281.40313      1 
282.48231      2 
285.46963      3 
288.32548      4 
290.89223      3 
293.25355      2 
295.83163      1 
297.03286      2 
299.54497      3 
301.08933      4 
302.43061      3 
303.5693       2 
306.53749      1 
309.40664      2 
311.95176      3 
313.36333      4 
315.496        3 
317.42885      2 
318.80226      1 
319.97551      2 
321.71304      3 
322.86955      4 
325.40042      3 
328.14765      2 
329.92515      1 
331.07598      2 
333.2938       3 
334.71367      4 
336.74668      3 
338.31736      2 
340.50603      1 
341.58145      2 
344.30915      3 
347.10768      4 
349.71325      3 
352.12713      2 
354.73829      1 
356.64303      2 
359.34404      3 
360.92491      4 
362.38695      3 
363.65994      2 
365.70224      1 
367.61084      2 
370.47221      3 
372.99333      4 
375.32756      3 
377.47533      2 
378.96292      1 
381.66469      2 
383.77082      3 
385.17706      4 
386.39897      3 
387.437        2 
390.3641       1 
392.27262      2 
394.18144      3 
396.48812      4 
398.61302      3 
400.55655      2 
402.93801      1 
404.8477       2 
405.99067      3 
407.71591      4 
408.75886      3 
411.62294      2 
413.46867      1 
415.37967      2 
417.21042      3 
419.53788      4 
421.51376      3 
423.31323      2 
425.6252       1 
426.78052      2 
427.99875      3 
429.07372      4 
431.28022      3 
434.03384      2 
435.82558      1 
437.73864      2 
439.54047      3 
441.83049      4 
443.71602      3 
445.42995      2 
447.70159      1 
449.61605      2 
451.5307       3 
452.56219      4 
455.42404      3 
458.11665      2 
459.88272      1 
462.63586      2 
463.92137      3 
466.03665      4 
467.8889       3 
469.57423      2 
471.83392      1 
472.96579      2 
474.12471      3 
475.14392      4 
477.50719      3 
480.20942      2 
481.9774       1 
484.73318      2 
487.52357      3 
490.37185      4 
492.1753       3 
493.88742      2 
496.16276      1 
497.30487      2 
498.49404      3 
500.90757      4 
503.8135       3 
506.5593       2 
509.35203      1 
510.49994      2 
512.17367      3 
513.38836      4 
515.42874      3 
517.22151      2 
519.53936      1 
520.70366      2 
521.95731      3 
523.07605      4 
525.22518      3 
528.07802      2 
530.92646      1 
533.72996      2 
534.97146      3 
537.20487      4 
539.2843       3 
541.21013      2 
542.60313      1 
543.79693      2 
544.89964      3 
546.57505      4 
547.87976      3 
550.21399      2 
552.14556      1 
555.01022      2 
556.99356      3 
559.40259      4 
561.66185      3 
563.77169      2 
566.2521       1 
568.17777      2 
569.37515      3 
570.47826      4 
572.08561      3 
573.30614      2 
574.34412      1 
577.27003      2 
580.16423      3 
582.79868      4 
585.28746      3 
587.6309       2 
589.23617      1 
591.16239      2 
592.84132      3 
594.15157      4 
596.10364      3 
597.58204      2 
