1.0554362      1 
3.9055235      2 
5.733881       3 
8.0515615      4 
9.9677504      3 
11.587855      2 
13.750491      1 
15.602868      2 
17.458453      3 
19.937093      4 
22.086979      3 
23.944849      2 
26.228383      1 
27.328215      2 
29.933669      3 
32.631891      4 
35.03975       3 
37.159608      2 
39.575992      1 
40.736143      2 
41.927683      3 
44.144879      4 
46.836939      3 
49.242672      2 
51.803753      1 
54.477382      2 
55.690717      3 
56.966809      4 
59.962116      3 
62.677284      2 
65.394852      1 
67.255642      2 
68.44095       3 
70.207313      4 
71.531441      3 
72.579281      2 
75.465133      1 
77.327729      2 
80.036106      3 
81.768372      4 
83.44429       3 
84.847717      2 
86.913667      1 
88.783244      2 
91.591329      3 
93.911057      4 
95.96142       3 
97.743037      2 
100.00007      1 
102.7746       2 
105.76363      3 
108.60592      4 
110.42871      3 
112.61081      2 
114.0764       1 
115.2554       2 
116.96043      3 
118.09674      4 
120.54672      3 
123.16396      2 
124.84117      1 
126.71027      2 
128.32019      3 
129.56765      4 
130.67439      3 
132.20074      2 
135.09626      1 
137.88515      2 
140.25746      3 
142.7222       4 
144.29034      3 
145.80459      2 
146.93859      1 
148.80841      2 
151.57011      3 
154.13138      4 
156.38302      3 
158.38389      2 
160.7594       1 
162.63455      2 
163.72944      3 
164.73064      4 
167.56608      3 
170.07437      2 
172.70495      1 
174.58204      2 
177.26962      3 
178.74306      4 
180.02322      3 
181.05945      2 
182.95787      1 
184.83721      2 
186.64029      3 
188.90213      4 
190.72711      3 
192.31151      2 
193.48827      1 
195.36523      2 
198.1861       3 
200.83707      4 
203.22687      3 
205.37939      2 
206.84406      1 
208.03035      2 
209.77635      3 
212.42085      4 
215.3952       3 
218.13553      2 
220.88867      1 
222.04601      2 
224.60968      3 
226.41935      4 
227.99769      3 
229.34524      2 
230.40578      1 
232.29566      2 
234.97662      3 
237.51142      4 
239.71295      3 
241.68686      2 
243.06695      1 
244.23373      2 
245.93662      3 
247.01918      4 
249.60934      3 
252.24325      2 
254.94058      1 
257.65014      2 
258.9315       3 
260.65784      4 
262.16225      3 
263.44526      2 
264.47737      1 
266.37349      2 
267.43181      3 
269.93226      4 
272.32527      3 
274.29051      2 
275.67088      1 
278.3914       2 
279.53334      3 
281.35066      4 
284.23159      3 
286.89716      2 
288.6272       1 
290.51943      2 
293.21528      3 
295.02435      4 
296.62053      3 
298.0043       2 
300.09043      1 
302.98449      2 
304.87905      3 
307.41809      4 
309.74717      3 
311.86676      2 
314.32212      1 
315.5141       2 
318.02666      3 
319.31313      4 
320.39252      3 
323.26531      2 
326.09835      1 
328.8714       2 
331.25707      3 
332.78696      4 
334.63384      3 
336.27696      2 
337.50222      1 
339.39801      2 
340.43429      3 
343.14456      4 
345.80028      3 
348.23063      2 
350.84538      1 
352.74552      2 
353.94703      3 
355.77225      4 
357.2047       3 
358.43895      2 
360.45725      1 
363.35846      2 
365.26014      3 
367.70613      4 
369.9562       3 
372.01079      2 
374.44068      1 
376.34339      2 
377.50095      3 
379.21731      4 
380.30124      3 
383.19239      2 
385.0446       1 
386.94879      2 
388.77082      3 
391.07979      4 
393.01362      3 
394.75731      2 
397.03458      1 
398.16765      2 
399.31527      3 
402.31178      4 
405.11131      3 
407.72332      2 
409.44063      1 
412.16754      2 
414.24933      3 
416.11553      4 
417.79636      3 
419.29224      2 
420.45218      1 
422.35739      2 
425.23972      3 
428.00634      4 
430.58384      3 
432.97893      2 
435.58533      1 
437.49469      2 
439.40413      3 
441.07378      4 
442.56311      3 
443.87254      2 
445.93768      1 
447.84985      2 
450.73854      3 
453.33251      4 
455.74863      3 
457.98733      2 
460.51812      1 
461.72632      2 
464.24925      3 
465.78231      4 
467.13998      3 
468.32266      2 
469.32685      1 
472.2407       2 
475.08469      3 
477.57143      4 
479.88519      3 
482.02637      2 
483.51756      1 
484.72445      2 
486.59298      3 
489.15521      4 
490.43941      3 
491.55339      2 
493.52603      1 
496.41639      2 
498.35624      3 
500.79329      4 
503.06207      3 
505.16299      2 
507.62975      1 
510.34134      2 
511.58767      3 
513.02095      4 
514.28828      3 
515.39005      2 
517.35897      1 
520.24831      2 
522.19372      3 
524.63703      4 
526.91667      3 
529.03302      2 
531.50978      1 
532.71743      2 
535.24818      3 
536.71512      4 
538.02065      3 
539.16513      2 
541.1572       1 
544.06955      2 
545.99691      3 
548.50091      4 
550.84571      3 
553.03168      2 
554.55203      1 
555.76413      2 
557.68468      3 
559.09766      4 
561.24343      3 
562.48406      2 
563.52762      1 
565.452        2 
568.23793      3 
570.90262      4 
573.3654       3 
575.67368      2 
578.25064      1 
580.96131      2 
583.21333      3 
585.85889      4 
587.34991      3 
588.73867      2 
590.85728      1 
592.78125      2 
594.70709      3 
597.49329      4 
600.12543      3 
602.60729      2 
