1.0388162      1 
3.873699       2 
5.6723142      3 
7.9067109      4 
9.662362       3 
11.090043      2 
12.14192       1 
14.978508      2 
16.785573      3 
19.042371      4 
20.841501      3 
22.317169      2 
23.39604       1 
26.233766      2 
28.053331      3 
30.349538      4 
32.219039      3 
33.769523      2 
35.885869      1 
37.732215      2 
40.538636      3 
42.820388      4 
44.786781      3 
46.438543      2 
47.611982      1 
49.4512        2 
52.164235      3 
54.64693       4 
56.736373      3 
58.515509      2 
60.750574      1 
61.812814      2 
64.393161      3 
65.487694      4 
67.736579      3 
69.668827      2 
71.982529      1 
74.719278      2 
75.727988      3 
78.443103      4 
80.855685      3 
82.966431      2 
84.378         1 
85.5326        2 
87.148105      3 
89.896132      4 
92.521738      3 
94.836017      2 
97.344643      1 
99.196591      2 
101.91268      3 
103.03806      4 
105.87416      3 
108.41666      2 
110.04727      1 
111.22606      2 
113.05677      3 
115.53664      4 
116.62128      3 
119.41636      2 
121.17376      1 
123.0295       2 
124.68347      3 
125.92547      4 
127.68593      3 
128.75761      2 
130.65303      1 
132.51182      2 
134.27567      3 
136.468        4 
138.12161      3 
139.49357      2 
141.53917      1 
144.39876      2 
147.18495      3 
149.00402      4 
150.97741      3 
152.67301      2 
153.88744      1 
154.94696      2 
157.86638      3 
160.62225      4 
162.9385       3 
164.98079      2 
166.37199      1 
168.23308      2 
169.44299      3 
171.94802      4 
174.63513      3 
177.04682      2 
179.61778      1 
180.80553      2 
182.18669      3 
184.23895      4 
185.30895      3 
188.11247      2 
190.881        1 
192.74857      2 
193.93197      3 
195.78904      4 
197.26931      3 
198.48675      2 
201.4643       1 
203.33342      2 
206.092        3 
207.90945      4 
209.82183      3 
211.47499      2 
213.67256      1 
214.72814      2 
217.37233      3 
220.014        4 
222.38004      3 
224.49043      2 
226.9182       1 
229.6186       2 
230.76985      3 
231.86352      4 
234.70448      3 
237.29329      2 
239.9617       1 
241.83641      2 
244.52011      3 
246.03972      4 
247.37655      3 
248.46471      2 
251.38455      1 
253.26084      2 
255.99936      3 
257.80472      4 
259.6581       3 
261.26623      2 
263.44824      1 
266.27707      2 
268.20478      3 
270.83754      4 
273.22786      3 
275.3763       2 
277.82993      1 
279.70959      2 
282.4473       3 
283.62716      4 
286.57453      3 
289.28334      2 
292.01847      1 
293.89994      2 
295.78156      3 
297.54164      4 
299.06589      3 
300.35486      2 
302.38206      1 
304.26842      2 
306.13167      3 
308.55711      4 
310.67781      3 
312.56646      2 
313.9015       1 
316.63791      2 
317.72972      3 
320.70984      4 
323.44626      3 
325.95384      2 
328.59326      1 
329.78311      2 
332.29557      3 
333.89298      4 
335.26417      3 
336.40965      2 
339.36968      1 
341.25732      2 
344.03211      3 
345.89158      4 
347.91629      3 
349.71839      2 
352.00866      1 
353.13705      2 
355.74715      3 
358.66394      4 
361.36068      3 
363.83788      2 
365.47274      1 
368.16804      2 
370.24867      3 
371.85272      4 
373.23975      3 
374.41024      2 
377.38741      1 
379.27958      2 
382.07136      3 
383.9479       4 
386.04321      3 
387.92496      2 
390.25954      1 
391.41244      2 
393.98445      3 
395.0169       4 
397.83825      3 
400.44898      2 
402.15428      1 
404.0487       2 
405.745        3 
407.94995      4 
409.51485      3 
410.87202      2 
412.94717      1 
415.84356      2 
418.71433      3 
421.50852      4 
423.41233      3 
425.53317      2 
426.99816      1 
428.19322      2 
429.98818      3 
432.60281      4 
433.70637      3 
436.60788      2 
438.46065      1 
440.36028      2 
442.17431      3 
444.46781      4 
446.36602      3 
448.06496      2 
450.31531      1 
451.42966      2 
452.52024      3 
454.99986      4 
457.71874      3 
460.23163      2 
462.88982      1 
464.79218      2 
467.49095      3 
469.1274       4 
470.66438      3 
472.00753      2 
474.08259      1 
475.98779      2 
477.88802      3 
480.48584      4 
482.86649      3 
485.05597      2 
487.55535      1 
489.46027      2 
492.18098      3 
493.58335      4 
494.82356      3 
495.87523      2 
497.80835      1 
499.71522      2 
501.58101      3 
503.98555      4 
506.101        3 
508.0305       2 
509.40917      1 
510.58857      2 
512.34807      3 
513.55308      4 
516.03211      3 
518.85486      2 
520.67804      1 
523.45467      2 
526.23695      3 
528.12145      4 
530.03354      3 
531.76475      2 
534.0404       1 
535.95025      2 
538.78247      3 
539.79424      4 
542.62731      3 
545.28199      2 
547.02485      1 
548.93543      2 
551.64856      3 
553.59379      4 
555.36267      3 
556.95562      2 
558.16951      1 
560.07936      2 
561.14971      3 
563.87229      4 
566.60331      3 
569.14911      2 
570.84062      1 
573.56413      2 
574.86497      3 
576.88325      4 
578.56743      3 
580.08048      2 
581.25619      1 
583.16843      2 
584.1706       3 
586.9447       4 
589.63083      3 
592.12533      2 
594.78815      1 
596.70432      2 
597.91289      3 
599.86113      4 
601.51753      3 
603.00746      2 
