2.9960775      1 
5.7823461      2 
8.0136228      3 
10.367727      4 
11.647531      3 
14.580408      2 
17.342045      1 
20.003195      2 
21.207715      3 
22.510165      4 
25.407354      3 
27.900214      2 
30.444879      1 
32.243815      2 
34.042943      3 
36.927786      4 
39.412938      3 
41.499319      2 
42.850144      1 
44.648105      2 
47.405854      3 
49.929664      4 
52.035931      3 
53.748909      2 
54.913554      1 
57.713941      2 
59.511471      3 
61.761377      4 
63.521457      3 
64.893652      2 
66.886404      1 
69.687277      2 
70.81254       3 
72.689583      4 
74.135723      3 
75.199309      2 
77.04322       1 
79.748378      2 
80.956177      3 
82.675569      4 
83.839572      3 
86.626281      2 
89.331161      1 
91.143631      2 
92.303045      3 
93.866227      4 
96.779461      3 
99.320586      2 
101.9054       1 
103.07177      2 
104.34546      3 
106.35197      4 
109.04537      3 
111.37178      2 
113.85193      1 
115.66937      2 
117.48702      3 
120.35388      4 
122.85796      3 
125.00009      2 
127.39075      1 
128.51978      2 
131.01601      3 
133.71866      4 
136.0635       3 
138.05137      2 
140.36747      1 
142.18969      2 
145.01231      3 
147.58048      4 
149.79577      3 
151.659        2 
153.91526      1 
155.73985      2 
158.56493      3 
161.02797      4 
163.14298      3 
164.91076      2 
167.12173      1 
168.15204      2 
170.6808       3 
171.8404       4 
173.91764      3 
175.61877      2 
177.7988       1 
178.80654      2 
181.33644      3 
183.76891      4 
185.76955      3 
187.43245      2 
189.59569      1 
192.4273       2 
195.25349      3 
197.96528      4 
199.68843      3 
201.3411       2 
203.50155      1 
205.33643      2 
207.17018      3 
209.55551      4 
211.55412      3 
213.22419      2 
214.3999       1 
215.40671      2 
218.23273      3 
220.91177      4 
222.95051      3 
224.66524      2 
225.86596      1 
227.70058      2 
230.42667      3 
232.92125      4 
235.02707      3 
236.81333      2 
239.04734      1 
240.88809      2 
242.73593      3 
245.27005      4 
247.46951      3 
249.35381      2 
250.64487      1 
251.74041      2 
253.33822      3 
256.0321       4 
258.46091      3 
260.46939      2 
262.81877      1 
263.94627      2 
266.48852      3 
269.2608       4 
271.7258       3 
273.88424      2 
276.31064      1 
279.00063      2 
281.01888      3 
283.82755      4 
286.46373      3 
288.79756      2 
291.31362      1 
293.98561      2 
295.16056      3 
296.29194      4 
299.12442      3 
301.65872      2 
303.28299      1 
305.95228      2 
307.1803       3 
308.26485      4 
309.70175      3 
312.46125      2 
315.19401      1 
317.88924      2 
320.0817       3 
322.64155      4 
325.48717      3 
326.49614      2 
328.35862      1 
330.21495      2 
332.90691      3 
334.76245      4 
336.33126      3 
337.614        2 
340.61267      1 
343.4662       2 
345.90773      3 
348.31755      4 
349.87649      3 
351.45661      2 
353.60621      1 
354.61391      2 
357.22272      3 
359.74416      4 
361.92333      3 
363.82423      2 
365.14223      1 
367.00076      2 
368.0709       3 
370.66682      4 
373.22386      3 
375.46863      2 
377.95414      1 
379.81763      2 
381.68126      3 
382.8346       4 
385.71666      3 
388.32805      2 
390.9985       1 
392.864        2 
394.72962      3 
396.26459      4 
397.53201      3 
398.53248      2 
400.40206      1 
402.26983      2 
404.03447      3 
405.27023      4 
407.11893      3 
408.53062      2 
410.60531      1 
412.47892      2 
415.30136      3 
417.666        4 
419.7704       3 
421.61514      2 
422.91418      1 
425.66411      2 
427.64982      3 
430.46192      4 
433.01734      3 
435.31667      2 
437.83856      1 
439.71121      2 
440.87337      3 
441.93645      4 
443.33913      3 
446.1143       2 
448.8756       1 
450.7501       2 
452.62478      3 
454.39549      4 
455.91653      3 
457.18847      2 
458.2006       1 
461.07767      2 
462.92823      3 
465.30304      4 
467.3381       3 
469.12749      2 
471.39991      1 
473.2775       2 
476.13168      3 
478.94024      4 
481.50975      3 
483.83695      2 
486.37963      1 
487.57321      2 
488.96086      3 
491.04128      4 
492.16537      3 
495.0505       2 
496.87709      1 
498.75834      2 
501.46513      3 
503.39989      4 
505.09843      3 
506.5613       2 
507.67851      1 
509.55844      2 
512.32789      3 
513.50605      4 
515.81818      3 
517.87833      2 
519.29923      1 
521.18128      2 
522.50885      3 
523.61816      4 
525.83732      3 
528.52066      2 
530.24936      1 
532.96522      2 
534.24098      3 
536.17869      4 
537.71707      3 
539.02937      2 
541.07285      1 
543.96012      2 
545.84793      3 
548.26105      4 
550.45066      3 
552.41729      2 
554.78955      1 
555.9545       2 
557.18262      3 
558.23902      4 
561.18125      3 
563.8207       2 
566.53046      1 
568.4212       2 
571.11547      3 
572.76757      4 
574.315        3 
575.64553      2 
576.70444      1 
578.60059      2 
581.30368      3 
583.86255      4 
586.11605      3 
588.15564      2 
589.5755       1 
591.46682      2 
592.82268      3 
595.21862      4 
598.19599      3 
600.96238      2 
602.74428      1 
605.48863      2 
608.26121      3 
611.10053      4 
612.76966      3 
614.28035      2 
