2.0145653      1 
3.8306506      2 
5.5800263      3 
7.7115612      4 
9.2378726      3 
10.390662      2 
12.282831      1 
14.098245      2 
16.757679      3 
18.424968      4 
19.72302       3 
22.652684      2 
25.433451      1 
28.117084      2 
30.250838      3 
31.576474      4 
32.676892      3 
35.413985      2 
38.101043      1 
39.920458      2 
41.740053      3 
43.032201      4 
45.965191      3 
48.539851      2 
50.154398      1 
52.804419      2 
53.990639      3 
55.648351      4 
58.443703      3 
60.88565       2 
62.436767      1 
64.259223      2 
65.588262      3 
66.61595       4 
69.501693      3 
71.84024       2 
73.342313      1 
75.166803      2 
76.430075      3 
78.809437      4 
81.423293      3 
83.687352      2 
85.154659      1 
86.981275      2 
88.197095      3 
90.617644      4 
93.190196      3 
95.408278      2 
96.854977      1 
98.009292      2 
99.59087       3 
102.30616      4 
104.86452      3 
107.06475      2 
108.50485      1 
109.65864      2 
111.2431       3 
113.963        4 
116.52629      3 
118.7364       2 
120.18373      1 
122.0172       2 
123.22401      3 
125.667        4 
128.25442      3 
130.50176      2 
132.96324      1 
135.63958      2 
137.65763      3 
140.45919      4 
143.09152      3 
145.40307      2 
146.90549      1 
148.74387      2 
150.05242      3 
151.0812       4 
153.98583      3 
156.3882       2 
157.93801      1 
159.11477      2 
160.81569      3 
161.95733      4 
164.30918      3 
166.84759      2 
168.45766      1 
169.63488      2 
171.40933      3 
172.64361      4 
175.63171      3 
178.29407      2 
180.97151      1 
182.81857      2 
184.66578      3 
186.10431      4 
187.23863      3 
190.06945      2 
191.83762      1 
193.68655      2 
196.35471      3 
197.97852      4 
199.30231      3 
200.32677      2 
202.19226      1 
204.04403      2 
205.77482      3 
207.93063      4 
209.46876      3 
210.71169      2 
213.68581      1 
216.51446      2 
218.91217      3 
220.33945      4 
222.11648      3 
223.60236      2 
224.70301      1 
226.56236      2 
229.2023       3 
231.66468      4 
233.70481      3 
235.45778      2 
236.69656      1 
238.55016      2 
241.36169      3 
243.99134      4 
246.31844      3 
248.36233      2 
250.74317      1 
252.60219      2 
253.67793      3 
256.62372      4 
259.26133      3 
261.61963      2 
263.16591      1 
265.83874      2 
267.04427      3 
268.7959       4 
271.76726      3 
274.46313      2 
276.17853      1 
278.87349      2 
280.13123      3 
281.96382      4 
283.29181      3 
284.34811      2 
287.2405       1 
288.32202      2 
290.95436      3 
292.93016      4 
294.63737      3 
296.07664      2 
298.1628       1 
301.02918      2 
302.89619      3 
305.26979      4 
307.37851      3 
309.22296      2 
311.51362      1 
313.38196      2 
314.40541      3 
317.28329      4 
319.81548      3 
322.08704      2 
324.59279      1 
325.77927      2 
327.10849      3 
328.23186      4 
331.21889      3 
333.93917      2 
335.67567      1 
338.38412      2 
340.4155       3 
342.11346      4 
343.55731      3 
344.74764      2 
346.71696      1 
348.59214      2 
350.42278      3 
352.73769      4 
354.66914      3 
356.35054      2 
358.5668       1 
359.63949      2 
362.63006      3 
365.31705      4 
367.75687      3 
369.95009      2 
371.43042      1 
372.61687      2 
374.36198      3 
375.57043      4 
377.93589      3 
380.66333      2 
382.40921      1 
384.28778      2 
385.98322      3 
388.16372      4 
389.68152      3 
390.95944      2 
392.97881      1 
395.85926      2 
397.74026      3 
400.06422      4 
402.15106      3 
404.00133      2 
406.3087       1 
407.44101      2 
408.55934      3 
411.53407      4 
414.20962      3 
416.65184      2 
418.26257      1 
420.14518      2 
422.83573      3 
424.35003      4 
425.63369      3 
426.68723      2 
429.599        1 
431.48454      2 
432.62302      3 
434.78905      4 
436.69995      3 
438.38389      2 
440.61294      1 
441.70332      2 
442.70897      3 
445.22201      4 
447.81487      3 
450.14803      2 
452.70288      1 
453.9008       2 
456.39824      3 
457.84122      4 
459.06294      3 
460.0639       2 
461.95635      1 
463.84706      2 
465.66702      3 
467.96406      4 
469.86884      3 
471.5559       2 
472.79638      1 
474.68515      2 
475.72357      3 
478.70858      4 
481.31453      3 
483.70575      2 
485.30038      1 
487.19213      2 
488.77288      3 
490.9924       4 
492.31737      3 
493.43057      2 
495.38249      1 
497.27807      2 
499.13371      3 
501.51287      4 
503.57447      3 
505.4272       2 
507.74961      1 
509.64556      2 
511.54171      3 
512.56377      4 
515.37936      3 
517.98895      2 
520.69073      1 
523.408        2 
525.68526      3 
527.20044      4 
528.78714      3 
530.17068      2 
532.26132      1 
534.16107      2 
536.05864      3 
537.14692      4 
539.52906      3 
541.7034       2 
544.19064      1 
545.39002      2 
546.77544      3 
547.9605       4 
549.04404      3 
552.03181      2 
554.92388      1 
556.82562      2 
558.72763      3 
560.92346      4 
562.92393      3 
564.7295       2 
566.04136      1 
567.94185      2 
569.15707      3 
570.18787      4 
572.65111      3 
575.31055      2 
578.03716      1 
579.94168      2 
582.64831      3 
584.38059      4 
586.07164      3 
587.57311      2 
