2.9775922      1 
4.752249       2 
6.5276351      3 
8.1344375      4 
9.2938052      3 
12.006769      2 
14.640374      1 
16.41845       2 
19.084943      3 
21.946818      4 
24.443143      3 
26.4992        2 
27.813928      1 
30.527329      2 
33.369865      3 
35.67497       4 
37.544856      3 
38.980524      2 
40.981754      1 
43.765499      2 
45.55003       3 
47.258812      4 
48.538357      3 
51.389653      2 
54.101403      1 
56.743015      2 
58.772136      3 
59.89195       4 
62.616757      3 
64.919201      2 
67.359817      1 
69.14966       2 
70.165616      3 
72.930481      4 
75.135664      3 
76.92429       2 
79.111097      1 
82.107205      2 
83.738282      3 
85.870253      4 
87.590443      3 
88.899801      2 
91.849403      1 
94.603927      2 
96.801861      3 
98.172676      4 
99.442029      3 
102.3062       2 
104.04078      1 
105.18193      2 
106.95865      3 
108.15434      4 
110.24464      3 
112.71407      2 
115.24098      1 
117.04224      2 
119.7566       3 
122.58028      4 
125.04856      3 
127.1227       2 
128.46971      1 
130.26998      2 
133.03064      3 
135.56006      4 
137.67717      3 
139.40557      2 
141.57615      1 
144.38237      2 
147.16927      3 
149.84979      4 
151.47075      3 
152.88564      2 
153.90241      1 
156.71324      2 
159.41121      3 
161.30146      4 
162.81274      3 
163.94593      2 
165.82624      1 
168.55318      2 
171.2505       3 
172.78414      4 
174.03988      3 
176.92272      2 
179.67784      1 
181.49249      2 
183.30737      3 
184.7072       4 
185.7384       3 
188.40183      2 
191.04987      1 
193.70201      2 
195.76513      3 
196.92945      4 
199.76669      3 
202.2412       2 
203.80389      1 
206.45282      2 
207.60787      3 
208.61835      4 
210.15341      3 
212.49914      2 
213.98525      1 
215.80502      2 
217.0278       3 
219.99951      4 
222.53886      3 
224.7254       2 
226.14945      1 
227.97119      2 
229.09725      3 
231.56838      4 
234.04739      3 
236.13404      2 
238.50396      1 
239.6287       2 
240.66644      3 
243.58732      4 
245.94613      3 
247.96175      2 
250.29859      1 
252.1277       2 
254.95716      3 
257.60793      4 
259.91946      3 
261.89252      2 
263.21661      1 
265.0448       2 
267.85887      3 
270.49212      4 
272.78451      3 
274.74308      2 
277.0561       1 
278.15776      2 
280.71339      3 
283.34985      4 
285.65086      3 
287.62263      2 
289.94452      1 
292.67332      2 
295.66724      3 
297.46138      4 
299.79837      3 
301.81065      2 
303.16137      1 
304.28486      2 
305.84608      3 
308.58011      4 
311.04924      3 
313.12896      2 
315.50925      1 
316.64695      2 
317.74276      3 
320.00527      4 
322.5264       3 
324.70013      2 
326.13623      1 
327.29416      2 
328.90336      3 
331.63608      4 
334.25414      3 
336.54807      2 
339.03966      1 
341.71299      2 
343.7582       3 
344.80751      4 
347.55469      3 
349.99466      2 
351.56769      1 
352.7471       2 
354.48721      3 
355.68527      4 
357.95664      3 
360.57551      2 
362.23563      1 
364.08399      2 
365.6234       3 
367.78848      4 
368.89544      3 
371.70358      2 
373.46285      1 
375.31403      2 
376.95922      3 
378.19627      4 
379.94561      3 
380.97519      2 
382.84545      1 
384.69953      2 
386.43813      3 
388.6024       4 
390.16852      3 
391.44398      2 
394.43668      1 
397.28285      2 
398.39624      3 
400.5157       4 
402.34782      3 
403.89327      2 
405.02669      1 
407.88048      2 
410.72716      3 
413.13249      4 
415.25445      3 
417.09366      2 
418.37829      1 
420.23438      2 
423.0891       3 
425.80453      4 
428.23981      3 
430.39625      2 
431.84215      1 
434.53029      2 
435.67148      3 
437.42651      4 
440.19832      3 
442.69511      2 
445.30615      1 
447.16945      2 
448.34719      3 
449.41782      4 
450.8081       3 
453.66806      2 
456.46243      1 
459.18977      2 
461.45427      3 
463.96839      4 
465.40445      3 
466.65007      2 
469.63939      1 
471.50616      2 
474.26809      3 
476.08465      4 
478.00194      3 
479.6554       2 
480.85549      1 
483.66818      2 
485.58939      3 
488.20666      4 
490.55005      3 
492.63324      2 
494.05181      1 
495.91995      2 
497.19814      3 
498.24043      4 
501.17702      3 
503.71152      2 
505.35644      1 
507.2277       2 
509.90978      3 
511.42367      4 
512.68387      3 
513.69098      2 
516.56802      1 
519.34716      2 
521.70823      3 
524.18288      4 
525.74866      3 
527.24936      2 
528.37881      1 
529.38031      2 
531.15876      3 
533.76633      4 
536.20595      3 
538.22095      2 
539.61236      1 
542.32365      2 
543.45026      3 
545.24301      4 
548.03553      3 
550.58524      2 
552.24451      1 
554.12271      2 
556.80685      3 
558.39092      4 
559.73496      3 
560.83954      2 
562.77368      1 
565.59952      2 
568.36672      3 
571.14087      4 
572.91841      3 
574.59771      2 
575.82492      1 
576.91054      2 
578.58986      3 
581.37376      4 
582.54485      3 
584.83765      2 
587.35822      1 
590.04764      2 
592.1842       3 
593.47126      4 
594.58823      3 
597.47547      2 
599.30763      1 
601.19347      2 
603.9067       3 
605.8803       4 
607.6268       3 
609.14672      2 
