1.9916537      1 
3.7826836      2 
6.445356       3 
8.1623682      4 
9.4593398      3 
12.337238      2 
14.071757      1 
16.720309      2 
17.913902      3 
18.959191      4 
21.794541      3 
24.1782        2 
26.663872      1 
27.808476      2 
28.914493      3 
31.024645      4 
33.407318      3 
35.331021      2 
36.595376      1 
37.638833      2 
39.240722      3 
41.679496      4 
43.00424       3 
44.747282      2 
45.797093      1 
48.597345      2 
50.346156      3 
51.527436      4 
53.193444      3 
54.298201      2 
57.152512      1 
59.8568        2 
62.002852      3 
63.344732      4 
64.480632      3 
67.225479      2 
69.902589      1 
71.708211      2 
74.364687      3 
75.541108      4 
78.344158      3 
80.761529      2 
83.277794      1 
84.43525       2 
86.851018      3 
89.734538      4 
92.236802      3 
94.358687      2 
96.730062      1 
98.540706      2 
101.53943      3 
104.50404      4 
106.64752      3 
108.50547      2 
109.75295      1 
111.56193      2 
114.26028      3 
115.42792      4 
117.46201      3 
119.08714      2 
120.21881      1 
123.03174      2 
125.80516      3 
127.95882      4 
129.74673      3 
131.16974      2 
133.19929      1 
135.02385      2 
136.79065      3 
138.9573       4 
140.56834      3 
141.81948      2 
143.76658      1 
145.58922      2 
147.31746      3 
149.43353      4 
150.89761      3 
152.00674      2 
153.88657      1 
156.62337      2 
158.53134      3 
160.22884      4 
161.57547      3 
164.57203      2 
166.39892      1 
168.22533      2 
169.87356      3 
171.08985      4 
172.76805      3 
175.68108      2 
177.46921      1 
180.16387      2 
182.12209      3 
183.66203      4 
184.86067      3 
187.71881      2 
190.47772      1 
193.16426      2 
195.31794      3 
196.6709       4 
197.83821      3 
200.66969      2 
203.41762      1 
206.10228      2 
208.25475      3 
209.60557      4 
210.76947      3 
213.60215      2 
215.3576       1 
217.19273      2 
218.79693      3 
220.01203      4 
221.7347       3 
224.59606      2 
227.36349      1 
229.20113      2 
231.86379      3 
234.67111      4 
235.90143      3 
238.81856      2 
241.61612      1 
244.32462      2 
245.56049      3 
247.19634      4 
248.51371      3 
251.51333      2 
254.35435      1 
256.19638      2 
258.03872      3 
259.77467      4 
261.19652      3 
262.30499      2 
265.20267      1 
267.04679      2 
269.73919      3 
272.49097      4 
273.99198      3 
275.2353       2 
277.20342      1 
280.02291      2 
281.89548      3 
283.90962      4 
285.61823      3 
287.02202      2 
288.07349      1 
290.92148      2 
293.6937       3 
295.88521      4 
297.7754       3 
299.36495      2 
300.51379      1 
303.3602       2 
305.21094      3 
307.65154      4 
309.74829      3 
311.54854      2 
312.80653      1 
313.88871      2 
315.52364      3 
318.21098      4 
320.65237      3 
322.6879       2 
324.06648      1 
325.91823      2 
327.07339      3 
329.59617      4 
332.19876      3 
334.49385      2 
336.99751      1 
338.85407      2 
341.57197      3 
342.71428      4 
345.57727      3 
348.15582      2 
350.80299      1 
352.66163      2 
353.84195      3 
355.53294      4 
356.69908      3 
359.58469      2 
361.39112      1 
363.2517       2 
365.93417      3 
367.7041       4 
369.19671      3 
370.41265      2 
372.3832       1 
375.22028      2 
377.97282      3 
379.77595      4 
381.61804      3 
383.18726      2 
384.33986      1 
385.3515       2 
387.09912      3 
389.68665      4 
392.09758      3 
394.0427       2 
395.38754      1 
397.25082      2 
400.05743      3 
402.93225      4 
405.54103      3 
407.88439      2 
409.43014      1 
412.10676      2 
414.15977      3 
415.44754      4 
416.47292      3 
419.23653      2 
421.98746      1 
423.85738      2 
426.541        3 
428.15353      4 
429.61728      3 
430.82285      2 
433.79677      1 
435.66822      2 
437.54015      3 
439.71895      4 
441.64253      3 
443.31148      2 
444.5241       1 
446.39406      2 
449.22704      3 
451.89784      4 
454.30241      3 
456.45586      2 
458.90738      1 
460.78243      2 
462.65762      3 
463.81232      4 
466.71877      3 
469.37754      2 
472.08311      1 
473.96004      2 
476.645        3 
478.22865      4 
479.65756      3 
480.84221      2 
483.81259      1 
486.66317      2 
487.79344      3 
490.0066       4 
491.97829      3 
493.70906      2 
495.95456      1 
497.83449      2 
499.71474      3 
502.48738      4 
505.02188      3 
507.31876      2 
509.84863      1 
512.53618      2 
513.76601      3 
515.11793      4 
516.23498      3 
519.11769      2 
521.94186      1 
523.82539      2 
525.70916      3 
527.6599       4 
529.37899      3 
530.86696      2 
532.99591      1 
534.00803      2 
536.99377      3 
539.56258      4 
541.90292      3 
544.01532      2 
546.4579       1 
548.34448      2 
549.48971      3 
551.16709      4 
554.14763      3 
556.90337      2 
559.6688       1 
561.5571       2 
564.2574       3 
565.96654      4 
567.60598      3 
569.02369      2 
570.12492      1 
572.01347      2 
574.7805       3 
577.37287      4 
579.68964      3 
581.78773      2 
584.22778      1 
586.93305      2 
589.04064      3 
590.24019      4 
591.25246      3 
594.04906      2 
596.83949      1 
598.73233      2 
600.62536      3 
602.56425      4 
604.28996      3 
605.80296      2 
