2.951465       2 
4.3265854      3 
6.9633394      2 
9.5778937      1 
12.328034      0 
14.021066      1 
16.877028      2 
19.681952      3 
21.140245      2 
23.786365      1 
26.23536       0 
27.333346      1 
29.211869      2 
30.974266      3 
33.073524      2 
35.563977      1 
37.768859      0 
40.513229      1 
43.079987      2 
44.861711      3 
46.627526      2 
49.474306      1 
51.113659      0 
53.18553       1 
54.802817      2 
55.992431      3 
57.333857      2 
59.618248      1 
60.918995      0 
63.337135      1 
66.189763      2 
67.59546       3 
69.224026      2 
71.865375      1 
74.735655      0 
76.778022      1 
77.985015      2 
80.912641      3 
83.136097      2 
84.60159       1 
87.446746      0 
89.338124      1 
91.151255      2 
93.720471      3 
95.538881      2 
98.484482      1 
99.987038      0 
102.79763      1 
104.02975      2 
105.79668      3 
107.61953      2 
109.99855      1 
112.76501      0 
114.6456       1 
117.01047      2 
118.31808      3 
120.48         2 
122.91251      1 
125.43381      0 
127.25789      1 
129.50699      2 
130.79185      3 
132.17323      2 
134.96836      1 
137.14022      0 
138.89752      1 
140.59428      2 
142.60159      3 
144.44284      2 
146.03061      1 
148.01725      0 
150.12087      1 
151.35161      2 
153.07778      3 
155.73481      2 
157.48527      1 
158.98254      0 
161.24299      1 
162.9253       2 
165.86984      3 
167.36684      2 
169.06615      1 
172.04851      0 
174.31952      1 
177.25474      2 
179.50202      3 
180.89412      2 
182.54417      1 
184.69526      0 
185.71943      1 
188.56782      2 
191.12227      3 
193.86354      2 
196.51607      1 
197.64355      0 
200.58943      1 
202.10919      2 
204.83018      3 
207.58421      2 
210.45851      1 
212.61083      0 
214.36355      1 
215.54729      2 
218.1766       3 
219.33449      2 
221.9304       1 
223.14593      0 
225.88515      1 
226.90071      2 
227.91308      3 
230.02294      2 
232.21804      1 
233.54891      0 
236.35853      1 
237.74209      2 
240.18757      3 
243.14844      2 
245.47178      1 
248.3807       0 
250.89696      1 
