2.4701558      2 
5.1873681      3 
7.6005699      2 
10.229418      1 
11.70151       0 
13.520219      1 
14.683709      2 
16.253099      3 
18.550291      2 
21.191026      1 
24.052612      0 
26.552504      1 
27.993251      2 
29.397288      3 
31.026423      2 
32.490824      1 
35.432683      0 
36.570721      1 
38.882142      2 
41.178565      3 
42.690764      2 
45.22513       1 
47.439042      0 
48.683741      1 
49.765658      2 
52.498415      3 
53.697386      2 
55.855225      1 
57.105843      0 
59.70468       1 
61.794166      2 
64.46018       3 
67.361414      2 
68.980773      1 
70.416681      0 
71.923609      1 
73.854099      2 
75.18749       3 
76.680307      2 
78.56148       1 
81.012766      0 
83.437339      1 
84.739186      2 
87.724566      3 
90.100156      2 
92.437585      1 
94.325522      0 
95.651436      1 
97.374315      2 
98.834436      3 
99.843439      2 
101.50431      1 
104.46982      0 
106.63456      1 
107.87053      2 
110.55529      3 
112.30996      2 
113.78067      1 
115.61155      0 
118.55959      1 
119.82759      2 
121.14405      3 
122.44365      2 
125.0559       1 
126.71007      0 
129.41854      1 
130.51306      2 
132.3898       3 
134.85867      2 
135.86548      1 
137.50466      0 
139.47186      1 
141.13739      2 
143.32118      3 
145.60148      2 
148.59685      1 
149.84062      0 
151.63959      1 
154.56671      2 
156.65396      3 
158.84207      2 
160.54221      1 
161.61613      0 
163.71575      1 
165.70981      2 
168.16371      3 
170.27081      2 
173.08594      1 
175.77199      0 
177.87523      1 
180.64076      2 
183.53556      3 
184.84366      2 
187.46161      1 
189.48399      0 
191.26873      1 
192.59171      2 
195.54898      3 
198.5174       2 
200.58152      1 
201.92683      0 
203.47987      1 
204.94128      2 
206.94863      3 
209.63185      2 
212.50575      1 
213.63022      0 
215.19825      1 
217.29374      2 
220.14408      3 
222.51404      2 
224.1231       1 
226.71939      0 
228.58332      1 
230.27255      2 
233.05924      3 
234.99688      2 
236.63722      1 
238.15006      0 
240.03411      1 
