1.6468881      2 
4.6292665      3 
7.2748093      2 
10.274316      1 
11.480498      0 
12.51664       1 
15.031206      2 
17.887054      3 
19.301357      2 
21.239886      1 
23.297508      0 
25.558989      1 
27.957973      2 
30.863684      3 
33.48758       2 
36.177353      1 
39.091432      0 
40.155426      1 
41.794254      2 
44.486937      3 
45.540474      2 
48.383384      1 
49.566657      0 
51.767052      1 
54.267948      2 
56.530849      3 
58.565654      2 
60.29851       1 
61.461643      0 
63.465021      1 
65.455805      2 
66.504325      3 
67.852928      2 
70.279832      1 
72.159949      0 
73.995979      1 
75.27823       2 
76.519097      3 
78.139954      2 
80.67443       1 
82.607294      0 
84.494333      1 
85.972401      2 
88.123305      3 
90.215501      2 
92.873032      1 
95.757129      0 
97.90047       1 
100.47535      2 
103.00004      3 
105.44705      2 
108.02689      1 
110.66766      0 
112.62417      1 
115.06485      2 
116.30435      3 
119.211        2 
121.17416      1 
123.56703      0 
125.5321       1 
127.77744      2 
129.28611      3 
131.19247      2 
133.03467      1 
135.20774      0 
137.07061      1 
139.19326      2 
142.11599      3 
143.38305      2 
144.48524      1 
146.51963      0 
149.00061      1 
150.18341      2 
152.32054      3 
153.34038      2 
155.95127      1 
158.42871      0 
160.11698      1 
161.16446      2 
162.53024      3 
165.45288      2 
167.0072       1 
169.36134      0 
170.6081       1 
171.98355      2 
174.16745      3 
175.66151      2 
178.10592      1 
180.65354      0 
181.73509      1 
183.43701      2 
185.49279      3 
186.98334      2 
188.23865      1 
191.16691      0 
192.29921      1 
194.27803      2 
195.49145      3 
197.85138      2 
200.60059      1 
201.83712      0 
204.32425      1 
205.64031      2 
206.95736      3 
209.79155      2 
210.93715      1 
212.7496       0 
214.40254      1 
215.67178      2 
218.60702      3 
219.96351      2 
221.82629      1 
222.90932      0 
225.37715      1 
226.93451      2 
228.53938      3 
230.87818      2 
233.27825      1 
235.74833      0 
238.01459      1 
