2.4610761      2 
5.4208546      3 
7.6834048      2 
10.139721      1 
12.706863      0 
13.715657      1 
16.133978      2 
17.453895      3 
18.79711       2 
21.198047      1 
24.090578      0 
25.880307      1 
27.470048      2 
30.335797      3 
31.957706      2 
33.30748       1 
34.506324      0 
36.256724      1 
38.140009      2 
39.620011      3 
42.532884      2 
45.522943      1 
47.337728      0 
49.784989      1 
51.254795      2 
54.070758      3 
55.860647      2 
57.012717      1 
58.47458       0 
59.972788      1 
62.820462      2 
64.554069      3 
67.478037      2 
70.156654      1 
72.105457      0 
73.575888      1 
75.759638      2 
77.712248      3 
79.325551      2 
80.701229      1 
83.534293      0 
85.611187      1 
88.159598      2 
89.348636      3 
90.646923      2 
92.447094      1 
95.305865      0 
97.004501      1 
99.863845      2 
102.73838      3 
104.34111      2 
105.74343      1 
107.8922       0 
110.55836      1 
112.72757      2 
115.34663      3 
117.73903      2 
119.32962      1 
121.7297       0 
123.89596      1 
125.06612      2 
127.12604      3 
129.69599      2 
130.85299      1 
133.69548      0 
136.09565      1 
137.85277      2 
139.9029       3 
141.3825       2 
142.69243      1 
144.00474      0 
146.27674      1 
148.6098       2 
151.15991      3 
153.68813      2 
155.43594      1 
157.22635      0 
159.7863       1 
162.71664      2 
163.8678       3 
166.04566      2 
167.71773      1 
170.17693      0 
171.68211      1 
174.13515      2 
176.79349      3 
179.46982      2 
181.28122      1 
183.69508      0 
185.42653      1 
187.70489      2 
190.16623      3 
193.14893      2 
196.11606      1 
197.7856       0 
199.19452      1 
200.71756      2 
202.71681      3 
204.8212       2 
206.88088      1 
207.99922      0 
209.35336      1 
210.90702      2 
212.96802      3 
214.98576      2 
217.79475      1 
219.24515      0 
221.44174      1 
224.14758      2 
225.16953      3 
226.6843       2 
228.99135      1 
230.44767      0 
232.6979       1 
235.27606      2 
237.38122      3 
239.21389      2 
240.47989      1 
242.78557      0 
243.80151      1 
