1.0586541      2 
3.1484093      3 
5.3101585      2 
7.1491652      1 
8.9407231      0 
11.411289      1 
13.364814      2 
15.231743      3 
17.988283      2 
19.201032      1 
21.011782      0 
23.327798      1 
25.849078      2 
27.514691      3 
29.272423      2 
32.019594      1 
34.07895       0 
35.938711      1 
38.647131      2 
39.724076      3 
40.742059      2 
42.975426      1 
44.771809      0 
46.29605       1 
48.435545      2 
50.936019      3 
52.067852      2 
54.065215      1 
56.864162      0 
58.099405      1 
60.453191      2 
61.882838      3 
64.289574      2 
66.610569      1 
68.502597      0 
71.123004      1 
73.211858      2 
75.682932      3 
77.211086      2 
80.043699      1 
82.824365      0 
84.409102      1 
86.851226      2 
88.92283       3 
90.250536      2 
91.687209      1 
94.144699      0 
96.667177      1 
99.405692      2 
100.95858      3 
102.83828      2 
104.00285      1 
105.91708      0 
107.99993      1 
109.23646      2 
111.57521      3 
113.05413      2 
115.3902       1 
117.36815      0 
118.39042      1 
120.56063      2 
122.52571      3 
123.64758      2 
125.90701      1 
127.3357       0 
130.16686      1 
132.55537      2 
134.33153      3 
136.59184      2 
139.43765      1 
140.82267      0 
142.39714      1 
144.34273      2 
146.71239      3 
149.38145      2 
151.3324       1 
154.08463      0 
156.29775      1 
157.62866      2 
160.36892      3 
162.66141      2 
163.9497       1 
166.79118      0 
169.72379      1 
172.14237      2 
173.59734      3 
174.60486      2 
177.30497      1 
179.23633      0 
181.36195      1 
183.93482      2 
186.10191      3 
188.50312      2 
190.39604      1 
193.06864      0 
194.42595      1 
197.11869      2 
199.52643      3 
201.03848      2 
203.62182      1 
205.50841      0 
207.39816      1 
209.07266      2 
211.80963      3 
214.72071      2 
215.94425      1 
218.29676      0 
220.60727      1 
221.78233      2 
224.45877      3 
227.01886      2 
228.395        1 
231.05752      0 
232.97582      1 
235.6329       2 
237.65675      3 
239.84888      2 
241.13783      1 
242.4371       0 
243.94718      1 
