1.7523623      2 
4.6351668      3 
7.4297177      2 
10.028073      1 
12.684347      0 
15.22096       1 
16.866799      2 
18.518681      3 
19.590525      2 
21.591603      1 
24.467072      0 
26.610626      1 
28.258177      2 
31.240476      3 
32.882549      2 
35.121327      1 
36.499435      0 
38.508524      1 
41.000995      2 
43.556657      3 
45.309995      2 
47.646466      1 
49.070862      0 
51.249282      1 
53.107255      2 
54.808706      3 
56.748741      2 
59.565079      1 
62.305478      0 
64.40093       1 
67.020381      2 
69.209636      3 
71.53837       2 
73.558514      1 
76.341939      0 
77.963296      1 
79.680744      2 
81.365976      3 
84.000331      2 
85.786854      1 
87.35048       0 
88.890038      1 
91.859335      2 
94.7064        3 
97.195347      2 
98.938506      1 
100.82819      0 
103.44565      1 
104.8918       2 
107.0363       3 
109.45539      2 
112.29003      1 
113.86007      0 
116.43565      1 
119.17622      2 
120.60326      3 
122.17611      2 
123.99046      1 
125.77539      0 
128.59836      1 
131.41496      2 
133.73183      3 
136.46778      2 
138.3751       1 
140.56592      0 
143.16922      1 
144.75412      2 
147.08635      3 
149.89136      2 
151.89388      1 
153.34916      0 
154.5144       1 
157.15505      2 
158.4416       3 
160.4187       2 
161.77107      1 
164.38061      0 
166.88947      1 
169.78312      2 
172.75053      3 
174.16092      2 
177.14094      1 
179.32705      0 
181.62125      1 
182.91508      2 
184.86786      3 
187.5034       2 
189.78497      1 
192.53102      0 
195.02188      1 
197.53552      2 
199.30116      3 
201.51983      2 
203.24974      1 
205.17019      0 
206.37591      1 
207.72903      2 
209.71764      3 
211.24066      2 
212.57514      1 
214.28543      0 
216.84328      1 
218.77912      2 
220.74113      3 
222.08848      2 
223.60005      1 
225.99768      0 
227.61826      1 
229.37137      2 
232.26381      3 
235.06271      2 
236.80543      1 
238.48627      0 
241.39718      1 
243.24087      2 
245.1077       3 
246.29467      2 
249.22948      1 
250.80736      0 
253.23022      1 
