2.1015286      2 
3.1428655      3 
5.1389037      2 
7.1939482      1 
8.195108       0 
10.380957      1 
12.464602      2 
14.006266      3 
16.336985      2 
19.074754      1 
20.130075      0 
22.869529      1 
24.574923      2 
26.194         3 
28.958026      2 
31.337348      1 
33.083037      0 
34.616021      1 
36.852229      2 
39.490575      3 
41.72415       2 
43.973997      1 
45.121974      0 
47.6722        1 
50.246532      2 
52.786317      3 
54.532812      2 
56.740538      1 
59.273319      0 
62.190087      1 
64.155614      2 
67.122402      3 
68.21529       2 
69.424105      1 
71.467338      0 
73.851474      1 
75.827143      2 
77.439379      3 
79.038087      2 
80.909657      1 
83.178075      0 
84.992689      1 
86.460155      2 
88.454773      3 
90.287008      2 
91.37165       1 
94.286769      0 
95.43719       1 
96.461104      2 
98.306498      3 
100.85548      2 
102.66818      1 
104.78312      0 
106.03791      1 
107.77675      2 
109.39139      3 
111.26174      2 
113.80441      1 
115.74736      0 
118.52086      1 
120.71291      2 
122.59541      3 
123.70576      2 
125.43826      1 
127.45633      0 
129.10314      1 
130.86426      2 
132.35113      3 
134.81846      2 
136.68991      1 
137.94046      0 
139.56159      1 
142.32509      2 
143.90775      3 
145.18691      2 
146.56661      1 
149.06761      0 
151.28848      1 
152.79504      2 
154.84517      3 
157.16148      2 
158.41211      1 
160.32225      0 
162.10784      1 
163.71735      2 
165.67926      3 
168.15875      2 
170.89729      1 
172.07319      0 
174.80539      1 
177.75221      2 
180.55229      3 
182.03418      2 
184.42247      1 
185.82931      0 
187.47001      1 
189.95552      2 
192.76136      3 
195.71954      2 
198.63346      1 
200.31824      0 
203.09834      1 
205.01294      2 
207.56202      3 
209.82012      2 
212.63305      1 
214.11207      0 
215.35059      1 
217.29643      2 
219.21785      3 
221.5565       2 
223.37444      1 
224.98952      0 
226.55196      1 
229.40129      2 
231.92531      3 
234.75812      2 
237.2711       1 
239.73241      0 
242.01677      1 
