%  columns=["iteration, evaluation, sigma, void, void, stds==sigma*sqrt(diag(C))" (startseed=521288629, 2018/02/22 2:21:47.35)
1 15 2.806805e+01 0 0 2.802372e+01 2.803973e+01 2.804499e+01 2.801356e+01 2.805335e+01 2.802041e+01 2.807245e+01 2.803313e+01 2.801934e+01 2.804952e+01 2.803194e+01 2.803842e+01 2.806592e+01 2.801579e+01 2.804201e+01 2.802820e+01 2.803804e+01 2.805642e+01 2.803287e+01 2.800921e+01 2.804981e+01 2.802227e+01 2.802022e+01 2.805713e+01 2.803262e+01 2.805099e+01 2.804188e+01 2.812805e+01 2.806152e+01 2.810624e+01 2.803841e+01 2.801843e+01 2.802212e+00 2.800893e+00 2.802247e+00 2.803476e+00 
2 29 2.637665e+01 0 0 2.634004e+01 2.634439e+01 2.631898e+01 2.637233e+01 2.631157e+01 2.627844e+01 2.636331e+01 2.631761e+01 2.628575e+01 2.636664e+01 2.634319e+01 2.631988e+01 2.633409e+01 2.630764e+01 2.637405e+01 2.636330e+01 2.632160e+01 2.632671e+01 2.633504e+01 2.634879e+01 2.636123e+01 2.627525e+01 2.629658e+01 2.631554e+01 2.629253e+01 2.634756e+01 2.631352e+01 2.642170e+01 2.635783e+01 2.639353e+01 2.631505e+01 2.631782e+01 2.628322e+00 2.628785e+00 2.628716e+00 2.634318e+00 
3 43 2.527494e+01 0 0 2.521791e+01 2.521920e+01 2.518251e+01 2.532363e+01 2.518275e+01 2.513380e+01 2.525187e+01 2.516984e+01 2.518341e+01 2.525568e+01 2.532230e+01 2.523562e+01 2.523502e+01 2.518628e+01 2.525487e+01 2.524016e+01 2.519655e+01 2.522080e+01 2.518551e+01 2.519599e+01 2.522409e+01 2.516857e+01 2.516929e+01 2.528160e+01 2.517632e+01 2.521622e+01 2.518691e+01 2.527944e+01 2.522344e+01 2.524590e+01 2.525165e+01 2.518032e+01 2.517102e+00 2.516019e+00 2.514910e+00 2.522230e+00 
4 57 2.394671e+01 0 0 2.389089e+01 2.385909e+01 2.382220e+01 2.400201e+01 2.382057e+01 2.383224e+01 2.393294e+01 2.384532e+01 2.383927e+01 2.392455e+01 2.397477e+01 2.389527e+01 2.387752e+01 2.389259e+01 2.388442e+01 2.393395e+01 2.383416e+01 2.387835e+01 2.385240e+01 2.383432e+01 2.391627e+01 2.382375e+01 2.386427e+01 2.393493e+01 2.383248e+01 2.386079e+01 2.381602e+01 2.391929e+01 2.385792e+01 2.388368e+01 2.395119e+01 2.381962e+01 2.382256e+00 2.378662e+00 2.379435e+00 2.384569e+00 
5 71 2.290657e+01 0 0 2.284629e+01 2.280743e+01 2.282308e+01 2.296934e+01 2.282684e+01 2.277710e+01 2.286374e+01 2.285722e+01 2.278702e+01 2.292529e+01 2.294513e+01 2.283739e+01 2.280990e+01 2.284521e+01 2.282936e+01 2.285707e+01 2.275179e+01 2.286802e+01 2.277370e+01 2.274819e+01 2.283093e+01 2.277099e+01 2.279009e+01 2.287158e+01 2.276653e+01 2.290432e+01 2.274614e+01 2.284606e+01 2.283847e+01 2.282384e+01 2.290581e+01 2.277677e+01 2.280761e+00 2.277718e+00 2.271513e+00 2.276831e+00 
6 85 2.218203e+01 0 0 2.209862e+01 2.205583e+01 2.212521e+01 2.221173e+01 2.206499e+01 2.204939e+01 2.215000e+01 2.210441e+01 2.203657e+01 2.216009e+01 2.227450e+01 2.207587e+01 2.211295e+01 2.214139e+01 2.211021e+01 2.213578e+01 2.198888e+01 2.215661e+01 2.203148e+01 2.201962e+01 2.207312e+01 2.213562e+01 2.204751e+01 2.212480e+01 2.201721e+01 2.215901e+01 2.201194e+01 2.208823e+01 2.210144e+01 2.207963e+01 2.216804e+01 2.206133e+01 2.206587e+00 2.201212e+00 2.198705e+00 2.203123e+00 
7 99 2.158332e+01 0 0 2.157042e+01 2.141596e+01 2.153282e+01 2.163148e+01 2.147829e+01 2.141850e+01 2.153582e+01 2.152338e+01 2.141260e+01 2.152144e+01 2.170512e+01 2.144349e+01 2.148559e+01 2.154116e+01 2.148924e+01 2.149784e+01 2.138040e+01 2.151573e+01 2.142106e+01 2.141999e+01 2.146328e+01 2.152235e+01 2.141809e+01 2.148463e+01 2.141088e+01 2.159107e+01 2.142121e+01 2.147214e+01 2.146686e+01 2.145386e+01 2.153546e+01 2.144070e+01 2.144499e+00 2.141352e+00 2.142681e+00 2.138742e+00 
8 113 2.133861e+01 0 0 2.137020e+01 2.118959e+01 2.126742e+01 2.135631e+01 2.121163e+01 2.114072e+01 2.126327e+01 2.129166e+01 2.114879e+01 2.126308e+01 2.150505e+01 2.117986e+01 2.120808e+01 2.129549e+01 2.122436e+01 2.120792e+01 2.114719e+01 2.122574e+01 2.113545e+01 2.118150e+01 2.126142e+01 2.123364e+01 2.116005e+01 2.122022e+01 2.113329e+01 2.138676e+01 2.115171e+01 2.129724e+01 2.127958e+01 2.123563e+01 2.125506e+01 2.116790e+01 2.117301e+00 2.113880e+00 2.118540e+00 2.111218e+00 
9 127 2.116661e+01 0 0 2.118874e+01 2.101922e+01 2.109221e+01 2.117937e+01 2.102253e+01 2.094446e+01 2.116168e+01 2.112729e+01 2.097758e+01 2.107390e+01 2.133252e+01 2.096523e+01 2.100904e+01 2.111050e+01 2.102402e+01 2.103593e+01 2.097019e+01 2.104032e+01 2.093293e+01 2.100231e+01 2.111394e+01 2.104199e+01 2.108219e+01 2.107626e+01 2.092530e+01 2.126629e+01 2.096751e+01 2.123640e+01 2.108708e+01 2.105554e+01 2.111593e+01 2.096542e+01 2.097423e+00 2.093261e+00 2.105353e+00 2.092854e+00 
10 141 2.138511e+01 0 0 2.142481e+01 2.127608e+01 2.127867e+01 2.143946e+01 2.123178e+01 2.113092e+01 2.140287e+01 2.131699e+01 2.115062e+01 2.129165e+01 2.155570e+01 2.117366e+01 2.119168e+01 2.130672e+01 2.122046e+01 2.122032e+01 2.120873e+01 2.123499e+01 2.112325e+01 2.127229e+01 2.131149e+01 2.130563e+01 2.127478e+01 2.130702e+01 2.114253e+01 2.153606e+01 2.116352e+01 2.155216e+01 2.126772e+01 2.136661e+01 2.130139e+01 2.114287e+01 2.117287e+00 2.112246e+00 2.124324e+00 2.115799e+00 
11 155 2.143477e+01 0 0 2.147696e+01 2.130714e+01 2.128398e+01 2.147006e+01 2.128736e+01 2.119005e+01 2.153266e+01 2.138168e+01 2.118022e+01 2.133729e+01 2.160847e+01 2.125505e+01 2.121963e+01 2.134223e+01 2.123785e+01 2.125796e+01 2.124042e+01 2.129680e+01 2.113485e+01 2.134575e+01 2.136902e+01 2.136465e+01 2.130371e+01 2.133821e+01 2.115181e+01 2.160291e+01 2.118036e+01 2.164425e+01 2.129214e+01 2.142910e+01 2.133094e+01 2.115791e+01 2.118314e+00 2.118920e+00 2.125984e+00 2.120563e+00 
12 169 2.113025e+01 0 0 2.114008e+01 2.098133e+01 2.096363e+01 2.114838e+01 2.093946e+01 2.085970e+01 2.121901e+01 2.111917e+01 2.086877e+01 2.105039e+01 2.133668e+01 2.094926e+01 2.091968e+01 2.099293e+01 2.095074e+01 2.092035e+01 2.091653e+01 2.101360e+01 2.080797e+01 2.105405e+01 2.106662e+01 2.103840e+01 2.110024e+01 2.099607e+01 2.083051e+01 2.129061e+01 2.083723e+01 2.133571e+01 2.095974e+01 2.117231e+01 2.102580e+01 2.086571e+01 2.090228e+00 2.086155e+00 2.093463e+00 2.089300e+00 
13 183 2.065970e+01 0 0 2.069155e+01 2.047019e+01 2.052824e+01 2.065391e+01 2.044554e+01 2.036653e+01 2.071707e+01 2.064441e+01 2.036123e+01 2.057786e+01 2.083711e+01 2.049544e+01 2.045184e+01 2.047751e+01 2.050720e+01 2.042765e+01 2.046367e+01 2.057666e+01 2.041083e+01 2.057038e+01 2.059062e+01 2.056720e+01 2.066893e+01 2.052463e+01 2.033688e+01 2.081173e+01 2.034596e+01 2.084865e+01 2.050731e+01 2.074674e+01 2.054871e+01 2.038941e+01 2.041258e+00 2.041037e+00 2.046044e+00 2.042323e+00 
14 197 2.052564e+01 0 0 2.053513e+01 2.030583e+01 2.037020e+01 2.049806e+01 2.027532e+01 2.028886e+01 2.055599e+01 2.050243e+01 2.020027e+01 2.043801e+01 2.067368e+01 2.034757e+01 2.027825e+01 2.034381e+01 2.044477e+01 2.037288e+01 2.031893e+01 2.040728e+01 2.024181e+01 2.041754e+01 2.042759e+01 2.043884e+01 2.051354e+01 2.042887e+01 2.018207e+01 2.066651e+01 2.019447e+01 2.071048e+01 2.033155e+01 2.067305e+01 2.041412e+01 2.033644e+01 2.028030e+00 2.025444e+00 2.031850e+00 2.028585e+00 
15 211 2.019641e+01 0 0 2.018091e+01 1.995259e+01 2.001608e+01 2.015586e+01 1.992619e+01 1.994634e+01 2.018723e+01 2.016511e+01 1.986512e+01 2.011374e+01 2.030349e+01 1.999678e+01 1.992315e+01 1.999805e+01 2.010522e+01 2.007657e+01 1.998074e+01 2.006524e+01 1.989215e+01 2.009762e+01 2.009258e+01 2.008652e+01 2.018101e+01 2.007497e+01 1.984888e+01 2.033442e+01 1.984213e+01 2.038730e+01 1.998921e+01 2.034872e+01 2.008889e+01 2.001008e+01 1.991236e+00 1.990137e+00 1.996065e+00 1.992240e+00 
16 225 1.987993e+01 0 0 1.982987e+01 1.962102e+01 1.967053e+01 1.983528e+01 1.960202e+01 1.960787e+01 1.984241e+01 1.980963e+01 1.952966e+01 1.980617e+01 1.996214e+01 1.964875e+01 1.960825e+01 1.966375e+01 1.976678e+01 1.975555e+01 1.964800e+01 1.976104e+01 1.962753e+01 1.980290e+01 1.975746e+01 1.974952e+01 1.982244e+01 1.975971e+01 1.951284e+01 2.002113e+01 1.952029e+01 2.003924e+01 1.965401e+01 2.006241e+01 1.974178e+01 1.969468e+01 1.957492e+00 1.957330e+00 1.962986e+00 1.958598e+00 
17 239 1.961957e+01 0 0 1.954781e+01 1.934987e+01 1.937593e+01 1.959814e+01 1.934841e+01 1.933839e+01 1.956030e+01 1.950707e+01 1.929569e+01 1.961090e+01 1.966149e+01 1.938390e+01 1.932122e+01 1.939524e+01 1.949698e+01 1.950059e+01 1.936392e+01 1.948259e+01 1.935834e+01 1.953054e+01 1.948554e+01 1.946626e+01 1.954087e+01 1.951922e+01 1.923047e+01 1.974511e+01 1.923911e+01 1.976896e+01 1.936753e+01 1.983078e+01 1.946175e+01 1.940510e+01 1.932677e+00 1.930703e+00 1.943214e+00 1.940681e+00 
18 253 1.894707e+01 0 0 1.888660e+01 1.866988e+01 1.866993e+01 1.889150e+01 1.866959e+01 1.865239e+01 1.886735e+01 1.880752e+01 1.861532e+01 1.894999e+01 1.897582e+01 1.869664e+01 1.862476e+01 1.873382e+01 1.879686e+01 1.881323e+01 1.873647e+01 1.882062e+01 1.870523e+01 1.885272e+01 1.880849e+01 1.881651e+01 1.885004e+01 1.886026e+01 1.862831e+01 1.909408e+01 1.853977e+01 1.906513e+01 1.866715e+01 1.915347e+01 1.876154e+01 1.874255e+01 1.864381e+00 1.865003e+00 1.873122e+00 1.869772e+00 
19 267 1.833132e+01 0 0 1.824570e+01 1.803327e+01 1.806391e+01 1.826459e+01 1.802902e+01 1.804308e+01 1.824882e+01 1.816563e+01 1.801361e+01 1.831902e+01 1.836610e+01 1.807534e+01 1.798907e+01 1.813083e+01 1.819232e+01 1.817615e+01 1.812950e+01 1.817512e+01 1.807543e+01 1.824344e+01 1.821841e+01 1.818931e+01 1.821754e+01 1.824695e+01 1.800320e+01 1.847392e+01 1.789886e+01 1.845125e+01 1.806856e+01 1.854191e+01 1.817105e+01 1.809968e+01 1.802050e+00 1.802013e+00 1.812827e+00 1.806809e+00 
20 281 1.777126e+01 0 0 1.766441e+01 1.745538e+01 1.748002e+01 1.769615e+01 1.746929e+01 1.751300e+01 1.766469e+01 1.759691e+01 1.747113e+01 1.783239e+01 1.784688e+01 1.750972e+01 1.741930e+01 1.756072e+01 1.759805e+01 1.761120e+01 1.757744e+01 1.762317e+01 1.751702e+01 1.767306e+01 1.764712e+01 1.761890e+01 1.765450e+01 1.768450e+01 1.744224e+01 1.789720e+01 1.732948e+01 1.786380e+01 1.748012e+01 1.795593e+01 1.767477e+01 1.752796e+01 1.744176e+00 1.743420e+00 1.757908e+00 1.750160e+00 
21 295 1.717852e+01 0 0 1.705453e+01 1.685601e+01 1.690174e+01 1.711307e+01 1.686937e+01 1.693297e+01 1.708226e+01 1.698045e+01 1.688551e+01 1.722549e+01 1.725308e+01 1.689484e+01 1.681061e+01 1.695526e+01 1.705752e+01 1.700376e+01 1.698003e+01 1.701395e+01 1.691065e+01 1.710410e+01 1.706402e+01 1.702143e+01 1.703250e+01 1.707752e+01 1.684440e+01 1.728284e+01 1.673143e+01 1.725687e+01 1.686989e+01 1.736518e+01 1.709692e+01 1.692971e+01 1.683298e+00 1.683884e+00 1.696607e+00 1.689104e+00 
22 309 1.660056e+01 0 0 1.645209e+01 1.629754e+01 1.632281e+01 1.651856e+01 1.631084e+01 1.637149e+01 1.650470e+01 1.638778e+01 1.630397e+01 1.664658e+01 1.669008e+01 1.630485e+01 1.626648e+01 1.635886e+01 1.648615e+01 1.641370e+01 1.649214e+01 1.643479e+01 1.634981e+01 1.652721e+01 1.647761e+01 1.643003e+01 1.645641e+01 1.647785e+01 1.627716e+01 1.678073e+01 1.613109e+01 1.664735e+01 1.629680e+01 1.681650e+01 1.648556e+01 1.634295e+01 1.625848e+00 1.625716e+00 1.642167e+00 1.631387e+00 
23 323 1.610670e+01 0 0 1.596181e+01 1.580406e+01 1.582599e+01 1.608432e+01 1.580722e+01 1.590622e+01 1.602008e+01 1.587802e+01 1.578800e+01 1.612793e+01 1.618756e+01 1.580326e+01 1.575558e+01 1.587597e+01 1.597562e+01 1.593935e+01 1.597494e+01 1.592502e+01 1.584508e+01 1.601691e+01 1.596477e+01 1.593773e+01 1.597775e+01 1.597802e+01 1.577947e+01 1.626598e+01 1.566429e+01 1.613310e+01 1.580061e+01 1.629787e+01 1.596477e+01 1.583452e+01 1.576686e+00 1.577222e+00 1.594707e+00 1.581777e+00 
24 337 1.552625e+01 0 0 1.540794e+01 1.522850e+01 1.525093e+01 1.551021e+01 1.522329e+01 1.533510e+01 1.541141e+01 1.527213e+01 1.519060e+01 1.552833e+01 1.557922e+01 1.523037e+01 1.518572e+01 1.527877e+01 1.537629e+01 1.534264e+01 1.545011e+01 1.537054e+01 1.527214e+01 1.541752e+01 1.538750e+01 1.535185e+01 1.538205e+01 1.541529e+01 1.518933e+01 1.565575e+01 1.512104e+01 1.553674e+01 1.522754e+01 1.568154e+01 1.536092e+01 1.523301e+01 1.518877e+00 1.516969e+00 1.535566e+00 1.526314e+00 
25 351 1.473456e+01 0 0 1.460981e+01 1.443567e+01 1.445973e+01 1.472081e+01 1.443318e+01 1.453448e+01 1.460327e+01 1.453705e+01 1.441259e+01 1.472890e+01 1.476966e+01 1.443601e+01 1.439363e+01 1.448148e+01 1.457130e+01 1.455447e+01 1.465757e+01 1.460247e+01 1.448963e+01 1.462631e+01 1.460011e+01 1.455959e+01 1.458464e+01 1.463052e+01 1.439930e+01 1.484678e+01 1.434640e+01 1.472441e+01 1.444857e+01 1.486490e+01 1.456537e+01 1.442716e+01 1.439607e+00 1.436661e+00 1.460362e+00 1.447379e+00 
26 365 1.400321e+01 0 0 1.388406e+01 1.368945e+01 1.371641e+01 1.399025e+01 1.369897e+01 1.379598e+01 1.388461e+01 1.384387e+01 1.370687e+01 1.397990e+01 1.403627e+01 1.369784e+01 1.367894e+01 1.377903e+01 1.383892e+01 1.381153e+01 1.391116e+01 1.386188e+01 1.375827e+01 1.388398e+01 1.386679e+01 1.384839e+01 1.385456e+01 1.388540e+01 1.366043e+01 1.410281e+01 1.362211e+01 1.398338e+01 1.371485e+01 1.414158e+01 1.383146e+01 1.370226e+01 1.366165e+00 1.362642e+00 1.386054e+00 1.374491e+00 
27 379 1.370422e+01 0 0 1.361714e+01 1.339597e+01 1.343023e+01 1.368022e+01 1.337834e+01 1.348601e+01 1.357206e+01 1.356664e+01 1.340467e+01 1.373084e+01 1.375091e+01 1.338124e+01 1.337768e+01 1.347720e+01 1.353730e+01 1.351235e+01 1.361575e+01 1.357651e+01 1.344669e+01 1.357773e+01 1.363861e+01 1.354396e+01 1.355136e+01 1.358563e+01 1.335500e+01 1.378739e+01 1.331812e+01 1.365316e+01 1.339898e+01 1.382401e+01 1.352076e+01 1.338767e+01 1.334861e+00 1.333107e+00 1.356042e+00 1.345399e+00 
28 393 1.360018e+01 0 0 1.352282e+01 1.329681e+01 1.332768e+01 1.357608e+01 1.325539e+01 1.337959e+01 1.345969e+01 1.347287e+01 1.329995e+01 1.361382e+01 1.363286e+01 1.327396e+01 1.327109e+01 1.338058e+01 1.347043e+01 1.338178e+01 1.354732e+01 1.345624e+01 1.336957e+01 1.348967e+01 1.353464e+01 1.345743e+01 1.343928e+01 1.346686e+01 1.322884e+01 1.365626e+01 1.319439e+01 1.360834e+01 1.328541e+01 1.369722e+01 1.341903e+01 1.328056e+01 1.324647e+00 1.321175e+00 1.345533e+00 1.335791e+00 
29 407 1.351881e+01 0 0 1.343186e+01 1.318953e+01 1.323460e+01 1.347740e+01 1.315617e+01 1.328746e+01 1.336607e+01 1.338071e+01 1.321626e+01 1.354230e+01 1.354816e+01 1.317393e+01 1.318812e+01 1.329322e+01 1.340366e+01 1.327746e+01 1.351463e+01 1.335476e+01 1.329415e+01 1.340258e+01 1.346154e+01 1.336865e+01 1.335015e+01 1.336160e+01 1.315077e+01 1.357310e+01 1.308866e+01 1.352518e+01 1.320338e+01 1.360331e+01 1.331547e+01 1.319933e+01 1.314608e+00 1.310377e+00 1.335602e+00 1.327518e+00 
30 421 1.351026e+01 0 0 1.342985e+01 1.316859e+01 1.321995e+01 1.346140e+01 1.314312e+01 1.327265e+01 1.335956e+01 1.335555e+01 1.320687e+01 1.351915e+01 1.352702e+01 1.315243e+01 1.316623e+01 1.329476e+01 1.339357e+01 1.324999e+01 1.360262e+01 1.332926e+01 1.328375e+01 1.344658e+01 1.343656e+01 1.333487e+01 1.332423e+01 1.335254e+01 1.314137e+01 1.355962e+01 1.310485e+01 1.350890e+01 1.319323e+01 1.357675e+01 1.329822e+01 1.319935e+01 1.314065e+00 1.308021e+00 1.337059e+00 1.326461e+00 
31 435 1.376309e+01 0 0 1.367605e+01 1.340606e+01 1.346150e+01 1.369761e+01 1.338913e+01 1.355793e+01 1.360002e+01 1.364952e+01 1.343532e+01 1.374903e+01 1.380117e+01 1.339059e+01 1.341992e+01 1.357427e+01 1.368583e+01 1.348077e+01 1.385113e+01 1.356492e+01 1.354677e+01 1.371516e+01 1.367858e+01 1.357168e+01 1.356603e+01 1.359077e+01 1.341531e+01 1.382494e+01 1.335247e+01 1.375150e+01 1.342158e+01 1.380873e+01 1.353242e+01 1.344936e+01 1.338035e+00 1.331482e+00 1.366730e+00 1.349429e+00 
32 449 1.409950e+01 0 0 1.399585e+01 1.370496e+01 1.379536e+01 1.401840e+01 1.369951e+01 1.387030e+01 1.393138e+01 1.397237e+01 1.378094e+01 1.410464e+01 1.421502e+01 1.370202e+01 1.374814e+01 1.393058e+01 1.404471e+01 1.381197e+01 1.418188e+01 1.387437e+01 1.386735e+01 1.407269e+01 1.402501e+01 1.390221e+01 1.393088e+01 1.398301e+01 1.375149e+01 1.417913e+01 1.372036e+01 1.411620e+01 1.372472e+01 1.413238e+01 1.385127e+01 1.376251e+01 1.372933e+00 1.364430e+00 1.403013e+00 1.380817e+00 
33 463 1.442259e+01 0 0 1.430174e+01 1.400299e+01 1.410727e+01 1.432494e+01 1.399423e+01 1.418389e+01 1.426047e+01 1.429887e+01 1.409145e+01 1.440769e+01 1.456490e+01 1.402657e+01 1.410602e+01 1.428726e+01 1.436598e+01 1.411109e+01 1.448430e+01 1.416088e+01 1.417574e+01 1.437665e+01 1.433271e+01 1.424096e+01 1.423602e+01 1.430735e+01 1.404863e+01 1.450845e+01 1.406644e+01 1.448214e+01 1.407146e+01 1.451180e+01 1.417192e+01 1.410227e+01 1.407399e+00 1.398685e+00 1.435571e+00 1.412142e+00 
34 477 1.457128e+01 0 0 1.442569e+01 1.414098e+01 1.425094e+01 1.446001e+01 1.411106e+01 1.431356e+01 1.439636e+01 1.445248e+01 1.422646e+01 1.455462e+01 1.471983e+01 1.417271e+01 1.424702e+01 1.444267e+01 1.450253e+01 1.423780e+01 1.462032e+01 1.428513e+01 1.432652e+01 1.451466e+01 1.448595e+01 1.437215e+01 1.435668e+01 1.443674e+01 1.417728e+01 1.465485e+01 1.420617e+01 1.466629e+01 1.432512e+01 1.466455e+01 1.429911e+01 1.425206e+01 1.428671e+00 1.410945e+00 1.452422e+00 1.426810e+00 
35 491 1.462933e+01 0 0 1.448002e+01 1.417641e+01 1.432885e+01 1.450222e+01 1.416297e+01 1.438397e+01 1.443608e+01 1.451795e+01 1.425756e+01 1.461915e+01 1.477567e+01 1.424170e+01 1.428589e+01 1.451175e+01 1.458059e+01 1.429082e+01 1.465032e+01 1.434488e+01 1.439667e+01 1.455430e+01 1.455957e+01 1.445521e+01 1.439322e+01 1.449332e+01 1.424727e+01 1.470430e+01 1.426033e+01 1.475335e+01 1.439077e+01 1.469679e+01 1.433176e+01 1.430941e+01 1.436185e+00 1.414056e+00 1.466920e+00 1.429855e+00 
36 505 1.452617e+01 0 0 1.447221e+01 1.405941e+01 1.422235e+01 1.444566e+01 1.403848e+01 1.428410e+01 1.431718e+01 1.440857e+01 1.415467e+01 1.450944e+01 1.469983e+01 1.414940e+01 1.416575e+01 1.439884e+01 1.448612e+01 1.417915e+01 1.455421e+01 1.423950e+01 1.433712e+01 1.444985e+01 1.446929e+01 1.436956e+01 1.428567e+01 1.438420e+01 1.415603e+01 1.461982e+01 1.414326e+01 1.465566e+01 1.427567e+01 1.459333e+01 1.422089e+01 1.421765e+01 1.428950e+00 1.403547e+00 1.459149e+00 1.420181e+00 
37 519 1.459341e+01 0 0 1.451905e+01 1.414057e+01 1.431484e+01 1.450456e+01 1.408582e+01 1.437513e+01 1.437241e+01 1.448097e+01 1.419205e+01 1.455690e+01 1.474874e+01 1.419788e+01 1.424170e+01 1.448123e+01 1.454663e+01 1.424686e+01 1.459814e+01 1.428462e+01 1.444625e+01 1.449825e+01 1.455876e+01 1.443651e+01 1.434201e+01 1.447087e+01 1.420564e+01 1.467572e+01 1.420816e+01 1.471207e+01 1.436823e+01 1.467195e+01 1.426897e+01 1.428158e+01 1.436816e+00 1.409609e+00 1.473674e+00 1.425456e+00 
38 533 1.455773e+01 0 0 1.448428e+01 1.408585e+01 1.427679e+01 1.444798e+01 1.407007e+01 1.437878e+01 1.431145e+01 1.443930e+01 1.414413e+01 1.455455e+01 1.471541e+01 1.414797e+01 1.419256e+01 1.445533e+01 1.457051e+01 1.420011e+01 1.454745e+01 1.422886e+01 1.439218e+01 1.443594e+01 1.452198e+01 1.438320e+01 1.429467e+01 1.446993e+01 1.414573e+01 1.461320e+01 1.416290e+01 1.469809e+01 1.432980e+01 1.461843e+01 1.424022e+01 1.422545e+01 1.432250e+00 1.406163e+00 1.476717e+00 1.421273e+00 
39 547 1.461924e+01 0 0 1.452499e+01 1.418670e+01 1.432445e+01 1.452718e+01 1.413228e+01 1.446141e+01 1.435365e+01 1.450545e+01 1.417284e+01 1.461197e+01 1.477681e+01 1.417827e+01 1.424810e+01 1.450581e+01 1.460475e+01 1.425722e+01 1.461249e+01 1.430777e+01 1.445043e+01 1.447476e+01 1.459516e+01 1.441968e+01 1.438164e+01 1.452942e+01 1.419742e+01 1.470134e+01 1.424290e+01 1.474721e+01 1.439044e+01 1.469659e+01 1.430174e+01 1.427804e+01 1.436976e+00 1.412495e+00 1.483951e+00 1.426564e+00 
40 561 1.428643e+01 0 0 1.417997e+01 1.389654e+01 1.398548e+01 1.418880e+01 1.380091e+01 1.419523e+01 1.403162e+01 1.416046e+01 1.383591e+01 1.426263e+01 1.444849e+01 1.385852e+01 1.389398e+01 1.419120e+01 1.425258e+01 1.392222e+01 1.426770e+01 1.397771e+01 1.410449e+01 1.413547e+01 1.425065e+01 1.409239e+01 1.403989e+01 1.417810e+01 1.385930e+01 1.434258e+01 1.391889e+01 1.438470e+01 1.405155e+01 1.434663e+01 1.395256e+01 1.393449e+01 1.403627e+00 1.380137e+00 1.458323e+00 1.393326e+00 
41 575 1.406370e+01 0 0 1.394822e+01 1.367327e+01 1.374055e+01 1.396499e+01 1.358352e+01 1.401703e+01 1.379820e+01 1.392626e+01 1.361495e+01 1.401961e+01 1.420235e+01 1.363247e+01 1.367578e+01 1.395906e+01 1.403119e+01 1.367766e+01 1.403536e+01 1.375149e+01 1.385717e+01 1.389870e+01 1.403933e+01 1.384812e+01 1.380310e+01 1.395888e+01 1.367866e+01 1.409098e+01 1.370868e+01 1.413613e+01 1.383770e+01 1.414268e+01 1.371995e+01 1.370468e+01 1.379958e+00 1.356309e+00 1.433926e+00 1.374468e+00 
42 589 1.392013e+01 0 0 1.378567e+01 1.353390e+01 1.360132e+01 1.382706e+01 1.342814e+01 1.391501e+01 1.363206e+01 1.376610e+01 1.345335e+01 1.386265e+01 1.405043e+01 1.347793e+01 1.351502e+01 1.380918e+01 1.387088e+01 1.352280e+01 1.386986e+01 1.360153e+01 1.371768e+01 1.373167e+01 1.392469e+01 1.372280e+01 1.372370e+01 1.380827e+01 1.354401e+01 1.398495e+01 1.354251e+01 1.396595e+01 1.368333e+01 1.399319e+01 1.357715e+01 1.355957e+01 1.364506e+00 1.340573e+00 1.417781e+00 1.359627e+00 
43 603 1.380015e+01 0 0 1.365073e+01 1.340583e+01 1.347463e+01 1.373740e+01 1.329365e+01 1.382566e+01 1.349724e+01 1.363790e+01 1.332147e+01 1.373246e+01 1.397080e+01 1.334763e+01 1.341965e+01 1.369377e+01 1.376271e+01 1.341684e+01 1.373655e+01 1.347019e+01 1.363796e+01 1.359867e+01 1.381508e+01 1.361156e+01 1.364676e+01 1.370145e+01 1.341162e+01 1.388845e+01 1.341908e+01 1.384008e+01 1.354735e+01 1.387059e+01 1.344657e+01 1.344043e+01 1.353037e+00 1.327719e+00 1.403656e+00 1.348710e+00 
44 617 1.354240e+01 0 0 1.339126e+01 1.315821e+01 1.320107e+01 1.347450e+01 1.302835e+01 1.360956e+01 1.323107e+01 1.336285e+01 1.305577e+01 1.345613e+01 1.371180e+01 1.308566e+01 1.314688e+01 1.343735e+01 1.350069e+01 1.315000e+01 1.346178e+01 1.319580e+01 1.337251e+01 1.342101e+01 1.355223e+01 1.334397e+01 1.339158e+01 1.345785e+01 1.313351e+01 1.364004e+01 1.315737e+01 1.355283e+01 1.328132e+01 1.359912e+01 1.317634e+01 1.318345e+01 1.330985e+00 1.302318e+00 1.374592e+00 1.323064e+00 
45 631 1.319514e+01 0 0 1.305636e+01 1.282404e+01 1.286401e+01 1.311615e+01 1.266741e+01 1.328481e+01 1.289636e+01 1.302133e+01 1.271807e+01 1.310676e+01 1.334204e+01 1.275793e+01 1.279094e+01 1.309288e+01 1.315265e+01 1.279355e+01 1.310000e+01 1.285673e+01 1.303090e+01 1.308473e+01 1.318881e+01 1.300563e+01 1.304000e+01 1.314429e+01 1.278818e+01 1.328007e+01 1.282407e+01 1.318133e+01 1.293656e+01 1.323665e+01 1.284542e+01 1.285223e+01 1.297981e+00 1.266869e+00 1.338941e+00 1.289544e+00 
46 645 1.297087e+01 0 0 1.286309e+01 1.261004e+01 1.262633e+01 1.287783e+01 1.243755e+01 1.309481e+01 1.266284e+01 1.286622e+01 1.249479e+01 1.287755e+01 1.314447e+01 1.253346e+01 1.257440e+01 1.286349e+01 1.292817e+01 1.257131e+01 1.289124e+01 1.262375e+01 1.279804e+01 1.285928e+01 1.293943e+01 1.276368e+01 1.281173e+01 1.294412e+01 1.256068e+01 1.304583e+01 1.259096e+01 1.293421e+01 1.269232e+01 1.301359e+01 1.262056e+01 1.263045e+01 1.275869e+00 1.244144e+00 1.315870e+00 1.267045e+00 
47 659 1.275000e+01 0 0 1.263717e+01 1.238489e+01 1.238595e+01 1.265172e+01 1.221064e+01 1.287235e+01 1.244618e+01 1.262874e+01 1.228434e+01 1.266047e+01 1.294039e+01 1.231924e+01 1.235718e+01 1.263653e+01 1.273865e+01 1.234816e+01 1.267254e+01 1.241592e+01 1.256953e+01 1.266149e+01 1.270322e+01 1.254370e+01 1.262999e+01 1.273367e+01 1.233685e+01 1.283292e+01 1.238937e+01 1.271305e+01 1.247791e+01 1.277687e+01 1.239284e+01 1.242611e+01 1.252368e+00 1.223075e+00 1.295793e+00 1.242828e+00 
48 673 1.285132e+01 0 0 1.271724e+01 1.247269e+01 1.248269e+01 1.275547e+01 1.230975e+01 1.296375e+01 1.254175e+01 1.272042e+01 1.239245e+01 1.274302e+01 1.305317e+01 1.241207e+01 1.243683e+01 1.280853e+01 1.281042e+01 1.244183e+01 1.275462e+01 1.251534e+01 1.267699e+01 1.277273e+01 1.280094e+01 1.262536e+01 1.275383e+01 1.290194e+01 1.245648e+01 1.294497e+01 1.251427e+01 1.281151e+01 1.255739e+01 1.288883e+01 1.247602e+01 1.251585e+01 1.262268e+00 1.232075e+00 1.305161e+00 1.251004e+00 
49 687 1.282843e+01 0 0 1.270707e+01 1.245395e+01 1.245183e+01 1.271854e+01 1.226870e+01 1.292095e+01 1.252882e+01 1.270561e+01 1.236877e+01 1.270910e+01 1.302289e+01 1.238507e+01 1.239549e+01 1.277115e+01 1.276664e+01 1.240493e+01 1.271691e+01 1.247165e+01 1.263849e+01 1.274545e+01 1.275377e+01 1.258427e+01 1.276005e+01 1.290157e+01 1.242564e+01 1.294236e+01 1.246747e+01 1.279441e+01 1.251497e+01 1.286629e+01 1.243987e+01 1.248333e+01 1.261387e+00 1.228169e+00 1.302022e+00 1.246356e+00 
50 701 1.252348e+01 0 0 1.239635e+01 1.215594e+01 1.214914e+01 1.239756e+01 1.197758e+01 1.259669e+01 1.222202e+01 1.240098e+01 1.206418e+01 1.239170e+01 1.269851e+01 1.211379e+01 1.208406e+01 1.246249e+01 1.244259e+01 1.210081e+01 1.240593e+01 1.217191e+01 1.233684e+01 1.243451e+01 1.243664e+01 1.226926e+01 1.246676e+01 1.259881e+01 1.213083e+01 1.265544e+01 1.215940e+01 1.248139e+01 1.220054e+01 1.254660e+01 1.212565e+01 1.218492e+01 1.232518e+00 1.198711e+00 1.269205e+00 1.216969e+00 
51 715 1.245834e+01 0 0 1.231664e+01 1.208549e+01 1.206834e+01 1.232727e+01 1.189754e+01 1.252397e+01 1.215427e+01 1.231455e+01 1.200676e+01 1.230982e+01 1.263395e+01 1.207056e+01 1.199678e+01 1.237195e+01 1.235554e+01 1.204591e+01 1.233595e+01 1.209276e+01 1.226380e+01 1.235911e+01 1.236078e+01 1.218915e+01 1.241719e+01 1.252380e+01 1.209087e+01 1.268944e+01 1.208964e+01 1.239040e+01 1.214219e+01 1.247079e+01 1.204591e+01 1.212122e+01 1.225338e+00 1.190258e+00 1.260816e+00 1.210478e+00 
52 729 1.245589e+01 0 0 1.230184e+01 1.212940e+01 1.206680e+01 1.233281e+01 1.187759e+01 1.250819e+01 1.214475e+01 1.230082e+01 1.201179e+01 1.229539e+01 1.264334e+01 1.211836e+01 1.199092e+01 1.238940e+01 1.237189e+01 1.203822e+01 1.232977e+01 1.207149e+01 1.224410e+01 1.235156e+01 1.234195e+01 1.219113e+01 1.240952e+01 1.253436e+01 1.210296e+01 1.271985e+01 1.206395e+01 1.238397e+01 1.211891e+01 1.245691e+01 1.202562e+01 1.211962e+01 1.224435e+00 1.188154e+00 1.259456e+00 1.208783e+00 
53 743 1.219811e+01 0 0 1.204271e+01 1.189610e+01 1.180456e+01 1.208411e+01 1.161617e+01 1.223522e+01 1.188525e+01 1.202751e+01 1.174940e+01 1.204278e+01 1.238008e+01 1.187259e+01 1.172492e+01 1.212834e+01 1.211365e+01 1.178561e+01 1.206973e+01 1.182306e+01 1.200248e+01 1.209086e+01 1.206930e+01 1.193076e+01 1.214490e+01 1.228143e+01 1.185013e+01 1.250956e+01 1.179266e+01 1.213916e+01 1.186001e+01 1.217995e+01 1.176581e+01 1.185262e+01 1.198814e+00 1.161793e+00 1.231776e+00 1.181197e+00 
54 757 1.167430e+01 0 0 1.150969e+01 1.137473e+01 1.129685e+01 1.155607e+01 1.110925e+01 1.169808e+01 1.136019e+01 1.150734e+01 1.123349e+01 1.152699e+01 1.183958e+01 1.136926e+01 1.121761e+01 1.159233e+01 1.157463e+01 1.127442e+01 1.153785e+01 1.131439e+01 1.148899e+01 1.157466e+01 1.154313e+01 1.140338e+01 1.161452e+01 1.176497e+01 1.133023e+01 1.198571e+01 1.127116e+01 1.160878e+01 1.136266e+01 1.165838e+01 1.123680e+01 1.133812e+01 1.149533e+00 1.110261e+00 1.176606e+00 1.129259e+00 
55 771 1.142423e+01 0 0 1.125163e+01 1.112316e+01 1.106095e+01 1.129273e+01 1.088422e+01 1.146542e+01 1.112039e+01 1.125148e+01 1.101085e+01 1.128029e+01 1.157240e+01 1.113051e+01 1.097770e+01 1.133838e+01 1.133527e+01 1.103533e+01 1.131595e+01 1.105280e+01 1.124098e+01 1.133496e+01 1.127281e+01 1.115283e+01 1.135067e+01 1.149412e+01 1.108027e+01 1.171269e+01 1.101434e+01 1.134683e+01 1.111294e+01 1.138876e+01 1.097330e+01 1.112810e+01 1.124447e+00 1.085020e+00 1.151221e+00 1.107466e+00 
56 785 1.124393e+01 0 0 1.108116e+01 1.095791e+01 1.089757e+01 1.110825e+01 1.069257e+01 1.126441e+01 1.092787e+01 1.106232e+01 1.085195e+01 1.110302e+01 1.138804e+01 1.097223e+01 1.078990e+01 1.113742e+01 1.114255e+01 1.086361e+01 1.112940e+01 1.088859e+01 1.104433e+01 1.114533e+01 1.108623e+01 1.099896e+01 1.118969e+01 1.129935e+01 1.091040e+01 1.152320e+01 1.083591e+01 1.121086e+01 1.093382e+01 1.119759e+01 1.079472e+01 1.095557e+01 1.105486e+00 1.066642e+00 1.133622e+00 1.089070e+00 
57 799 1.104119e+01 0 0 1.087086e+01 1.077703e+01 1.072006e+01 1.088622e+01 1.048760e+01 1.104772e+01 1.071931e+01 1.085289e+01 1.065317e+01 1.089313e+01 1.116730e+01 1.076790e+01 1.059233e+01 1.091929e+01 1.092916e+01 1.066283e+01 1.092097e+01 1.070267e+01 1.082412e+01 1.095478e+01 1.087574e+01 1.080261e+01 1.099362e+01 1.108820e+01 1.070313e+01 1.131086e+01 1.063084e+01 1.101903e+01 1.074913e+01 1.099240e+01 1.058167e+01 1.074893e+01 1.084627e+00 1.048174e+00 1.111885e+00 1.072534e+00 
58 813 1.091354e+01 0 0 1.075220e+01 1.064809e+01 1.063971e+01 1.075433e+01 1.037101e+01 1.091508e+01 1.058981e+01 1.077127e+01 1.052957e+01 1.075371e+01 1.102311e+01 1.063756e+01 1.045478e+01 1.078490e+01 1.081729e+01 1.055557e+01 1.084364e+01 1.057143e+01 1.069576e+01 1.080477e+01 1.075700e+01 1.066237e+01 1.086267e+01 1.093970e+01 1.060150e+01 1.120042e+01 1.049758e+01 1.089192e+01 1.063989e+01 1.086524e+01 1.049673e+01 1.062134e+01 1.073144e+00 1.034199e+00 1.099053e+00 1.061080e+00 
59 827 1.078021e+01 0 0 1.061828e+01 1.054962e+01 1.051267e+01 1.060469e+01 1.024342e+01 1.076174e+01 1.046596e+01 1.064034e+01 1.041525e+01 1.063995e+01 1.088292e+01 1.049326e+01 1.031284e+01 1.063862e+01 1.068847e+01 1.041104e+01 1.069408e+01 1.044021e+01 1.054849e+01 1.065704e+01 1.060517e+01 1.053226e+01 1.074836e+01 1.078605e+01 1.048124e+01 1.105380e+01 1.035356e+01 1.079490e+01 1.051438e+01 1.072183e+01 1.035530e+01 1.050138e+01 1.061108e+00 1.019791e+00 1.083459e+00 1.045864e+00 
60 841 1.063330e+01 0 0 1.047666e+01 1.039887e+01 1.036914e+01 1.046226e+01 1.011465e+01 1.059722e+01 1.031997e+01 1.050193e+01 1.028683e+01 1.054004e+01 1.073663e+01 1.037884e+01 1.017273e+01 1.047452e+01 1.053928e+01 1.026016e+01 1.053680e+01 1.029308e+01 1.039792e+01 1.049525e+01 1.044128e+01 1.037386e+01 1.060053e+01 1.062877e+01 1.034130e+01 1.090409e+01 1.019517e+01 1.066378e+01 1.038701e+01 1.055975e+01 1.022080e+01 1.036039e+01 1.047898e+00 1.004227e+00 1.066897e+00 1.030585e+00 
61 855 1.049809e+01 0 0 1.032724e+01 1.025517e+01 1.023043e+01 1.030777e+01 9.990064e+00 1.046970e+01 1.017414e+01 1.037227e+01 1.013771e+01 1.038856e+01 1.059186e+01 1.024614e+01 1.003180e+01 1.033404e+01 1.039713e+01 1.011625e+01 1.040651e+01 1.016402e+01 1.026243e+01 1.036085e+01 1.028799e+01 1.024109e+01 1.045078e+01 1.047768e+01 1.019979e+01 1.074789e+01 1.004896e+01 1.053850e+01 1.026104e+01 1.043301e+01 1.007405e+01 1.022531e+01 1.033573e+00 9.906735e-01 1.054053e+00 1.017195e+00 
62 869 1.035568e+01 0 0 1.019449e+01 1.011348e+01 1.008812e+01 1.015528e+01 9.857470e+00 1.032385e+01 1.003104e+01 1.022346e+01 1.001818e+01 1.022803e+01 1.043708e+01 1.010989e+01 9.883607e+00 1.021491e+01 1.028484e+01 9.965807e+00 1.027481e+01 1.002756e+01 1.010918e+01 1.024047e+01 1.015023e+01 1.009494e+01 1.032815e+01 1.032669e+01 1.005739e+01 1.058284e+01 9.905916e+00 1.039049e+01 1.011380e+01 1.028417e+01 9.929588e+00 1.007516e+01 1.021698e+00 9.753986e-01 1.040292e+00 1.001601e+00 
63 883 1.015327e+01 0 0 9.989403e+00 9.915545e+00 9.908124e+00 9.937585e+00 9.661280e+00 1.010900e+01 9.824982e+00 1.004751e+01 9.814110e+00 1.001153e+01 1.023163e+01 9.893559e+00 9.675335e+00 1.001244e+01 1.008075e+01 9.774238e+00 1.008009e+01 9.835297e+00 9.904404e+00 1.005553e+01 9.949989e+00 9.877328e+00 1.011302e+01 1.011784e+01 9.847352e+00 1.037474e+01 9.701940e+00 1.017786e+01 9.923994e+00 1.008523e+01 9.727923e+00 9.869026e+00 1.002812e+00 9.543985e-01 1.018831e+00 9.836154e-01 
64 897 9.774886e+00 0 0 9.600318e+00 9.537053e+00 9.533365e+00 9.564576e+00 9.289799e+00 9.723281e+00 9.461583e+00 9.653471e+00 9.440416e+00 9.624168e+00 9.840158e+00 9.519802e+00 9.299781e+00 9.658558e+00 9.708486e+00 9.391397e+00 9.695349e+00 9.461693e+00 9.539504e+00 9.705769e+00 9.558782e+00 9.496170e+00 9.731237e+00 9.728193e+00 9.470874e+00 9.973660e+00 9.324973e+00 9.820469e+00 9.562287e+00 9.703815e+00 9.361165e+00 9.503927e+00 9.651952e-01 9.174397e-01 9.794399e-01 9.456193e-01 
65 911 9.410660e+00 0 0 9.225628e+00 9.169656e+00 9.173857e+00 9.194988e+00 8.962276e+00 9.364297e+00 9.096741e+00 9.279421e+00 9.089554e+00 9.262060e+00 9.479333e+00 9.159511e+00 8.967730e+00 9.285480e+00 9.331560e+00 9.023439e+00 9.353268e+00 9.101687e+00 9.180196e+00 9.338602e+00 9.186381e+00 9.126795e+00 9.375717e+00 9.359174e+00 9.111981e+00 9.613297e+00 8.960697e+00 9.449670e+00 9.204072e+00 9.329620e+00 8.998600e+00 9.153407e+00 9.284080e-01 8.826804e-01 9.435300e-01 9.097031e-01 
66 925 9.031482e+00 0 0 8.841673e+00 8.792184e+00 8.793617e+00 8.822380e+00 8.593826e+00 8.990623e+00 8.728794e+00 8.904249e+00 8.716795e+00 8.879166e+00 9.079719e+00 8.776292e+00 8.596970e+00 8.897623e+00 8.947546e+00 8.670491e+00 8.974073e+00 8.734563e+00 8.804346e+00 8.976064e+00 8.822337e+00 8.749066e+00 8.996030e+00 8.964825e+00 8.738051e+00 9.219794e+00 8.590216e+00 9.061651e+00 8.838612e+00 8.952109e+00 8.628480e+00 8.785232e+00 8.909678e-01 8.452617e-01 9.041650e-01 8.712439e-01 
67 939 8.842978e+00 0 0 8.653637e+00 8.593985e+00 8.597306e+00 8.648658e+00 8.417003e+00 8.793697e+00 8.545402e+00 8.750290e+00 8.524110e+00 8.680411e+00 8.878605e+00 8.609227e+00 8.446028e+00 8.745199e+00 8.761758e+00 8.476311e+00 8.791716e+00 8.552387e+00 8.642334e+00 8.789126e+00 8.619761e+00 8.562319e+00 8.808438e+00 8.762801e+00 8.543736e+00 9.015993e+00 8.404990e+00 8.869599e+00 8.646911e+00 8.786457e+00 8.452209e+00 8.585643e+00 8.709105e-01 8.261079e-01 8.854239e-01 8.521127e-01 
68 953 8.745825e+00 0 0 8.580326e+00 8.485572e+00 8.512664e+00 8.561025e+00 8.313029e+00 8.687083e+00 8.472628e+00 8.653518e+00 8.416503e+00 8.581093e+00 8.769122e+00 8.505648e+00 8.370636e+00 8.641710e+00 8.652776e+00 8.381090e+00 8.686807e+00 8.465546e+00 8.561233e+00 8.704582e+00 8.518555e+00 8.454414e+00 8.699823e+00 8.654365e+00 8.436028e+00 8.905041e+00 8.299854e+00 8.767588e+00 8.534938e+00 8.689324e+00 8.353619e+00 8.480356e+00 8.627417e-01 8.151219e-01 8.760784e-01 8.431438e-01 
69 967 8.598740e+00 0 0 8.437938e+00 8.332720e+00 8.362457e+00 8.414350e+00 8.191282e+00 8.525821e+00 8.344701e+00 8.493341e+00 8.281406e+00 8.442567e+00 8.614188e+00 8.355945e+00 8.229405e+00 8.496896e+00 8.499827e+00 8.231443e+00 8.527073e+00 8.358307e+00 8.421251e+00 8.586388e+00 8.374842e+00 8.302827e+00 8.549856e+00 8.499006e+00 8.293325e+00 8.751164e+00 8.148292e+00 8.611245e+00 8.378580e+00 8.540565e+00 8.206216e+00 8.327554e+00 8.464830e-01 8.027518e-01 8.600116e-01 8.289175e-01 
70 981 8.522656e+00 0 0 8.365232e+00 8.253586e+00 8.301509e+00 8.334799e+00 8.122484e+00 8.434648e+00 8.263960e+00 8.418584e+00 8.206136e+00 8.371511e+00 8.549730e+00 8.264329e+00 8.156417e+00 8.423999e+00 8.428766e+00 8.149661e+00 8.438027e+00 8.297916e+00 8.355245e+00 8.523646e+00 8.300224e+00 8.221049e+00 8.527072e+00 8.414171e+00 8.211063e+00 8.666376e+00 8.070303e+00 8.530924e+00 8.329113e+00 8.498794e+00 8.125334e+00 8.244291e+00 8.377834e-01 7.964198e-01 8.509532e-01 8.205168e-01 
71 995 8.500583e+00 0 0 8.336974e+00 8.253677e+00 8.286182e+00 8.297989e+00 8.098776e+00 8.394998e+00 8.239730e+00 8.383392e+00 8.191835e+00 8.335152e+00 8.532331e+00 8.250159e+00 8.137768e+00 8.389585e+00 8.424564e+00 8.141981e+00 8.420639e+00 8.270629e+00 8.337482e+00 8.512592e+00 8.278074e+00 8.208851e+00 8.529151e+00 8.383416e+00 8.196633e+00 8.645977e+00 8.035598e+00 8.507052e+00 8.310792e+00 8.493396e+00 8.110913e+00 8.212003e+00 8.343277e-01 7.947614e-01 8.474096e-01 8.167685e-01 
72 1009 8.486553e+00 0 0 8.304901e+00 8.266047e+00 8.284863e+00 8.272218e+00 8.070905e+00 8.368721e+00 8.220754e+00 8.406446e+00 8.170795e+00 8.322029e+00 8.526466e+00 8.228046e+00 8.120249e+00 8.369114e+00 8.410932e+00 8.133746e+00 8.410510e+00 8.256286e+00 8.317417e+00 8.513167e+00 8.268677e+00 8.196438e+00 8.537732e+00 8.363100e+00 8.174612e+00 8.619532e+00 8.012482e+00 8.481000e+00 8.309991e+00 8.484347e+00 8.097054e+00 8.181275e+00 8.336537e-01 7.924970e-01 8.448154e-01 8.139818e-01 
73 1023 8.437162e+00 0 0 8.249129e+00 8.229981e+00 8.221397e+00 8.207318e+00 8.009462e+00 8.348926e+00 8.160081e+00 8.351126e+00 8.128555e+00 8.264167e+00 8.484057e+00 8.179588e+00 8.079054e+00 8.316399e+00 8.353448e+00 8.115872e+00 8.362789e+00 8.198448e+00 8.252852e+00 8.473872e+00 8.210418e+00 8.146928e+00 8.500625e+00 8.306674e+00 8.136157e+00 8.559721e+00 7.962974e+00 8.448567e+00 8.252820e+00 8.424079e+00 8.066177e+00 8.117869e+00 8.290137e-01 7.870063e-01 8.387564e-01 8.080072e-01 
74 1037 8.201382e+00 0 0 8.007811e+00 8.013110e+00 7.977075e+00 7.961199e+00 7.778932e+00 8.119072e+00 7.922537e+00 8.108307e+00 7.900024e+00 8.030088e+00 8.241274e+00 7.939452e+00 7.848547e+00 8.077562e+00 8.117827e+00 7.906546e+00 8.125821e+00 7.975140e+00 8.008151e+00 8.243527e+00 7.985327e+00 7.923714e+00 8.266022e+00 8.071368e+00 7.901137e+00 8.307787e+00 7.733554e+00 8.215889e+00 8.011402e+00 8.187660e+00 7.833543e+00 7.880664e+00 8.073543e-01 7.647259e-01 8.180513e-01 7.841724e-01 
75 1051 8.006564e+00 0 0 7.806317e+00 7.823455e+00 7.772156e+00 7.761644e+00 7.582759e+00 7.943926e+00 7.748061e+00 7.909360e+00 7.714393e+00 7.872985e+00 8.033758e+00 7.746475e+00 7.658928e+00 7.884299e+00 7.918341e+00 7.715745e+00 7.921922e+00 7.776093e+00 7.817988e+00 8.045723e+00 7.786338e+00 7.727778e+00 8.068320e+00 7.882916e+00 7.709517e+00 8.093676e+00 7.555461e+00 8.016559e+00 7.812526e+00 7.990628e+00 7.655498e+00 7.677927e+00 7.902233e-01 7.452902e-01 7.982777e-01 7.637608e-01 
76 1065 7.963034e+00 0 0 7.775768e+00 7.784702e+00 7.715975e+00 7.706654e+00 7.539657e+00 7.926176e+00 7.717975e+00 7.858617e+00 7.693491e+00 7.832018e+00 7.978848e+00 7.713629e+00 7.618687e+00 7.824680e+00 7.867892e+00 7.675288e+00 7.863284e+00 7.726050e+00 7.768384e+00 8.008690e+00 7.726263e+00 7.673949e+00 8.009904e+00 7.828765e+00 7.655648e+00 8.043846e+00 7.515477e+00 7.962102e+00 7.754200e+00 7.938139e+00 7.599530e+00 7.634437e+00 7.850452e-01 7.402207e-01 7.928433e-01 7.580047e-01 
77 1079 7.895666e+00 0 0 7.697316e+00 7.717999e+00 7.646294e+00 7.636052e+00 7.478621e+00 7.856571e+00 7.646567e+00 7.816354e+00 7.637091e+00 7.765090e+00 7.945164e+00 7.648389e+00 7.547054e+00 7.747338e+00 7.803154e+00 7.604005e+00 7.808004e+00 7.648121e+00 7.692251e+00 7.940154e+00 7.656689e+00 7.603926e+00 7.950565e+00 7.769743e+00 7.580543e+00 7.965778e+00 7.445523e+00 7.892759e+00 7.680974e+00 7.859383e+00 7.525087e+00 7.579609e+00 7.779425e-01 7.341267e-01 7.846548e-01 7.508920e-01 
78 1093 7.805631e+00 0 0 7.610399e+00 7.621743e+00 7.585090e+00 7.579438e+00 7.377880e+00 7.757151e+00 7.553989e+00 7.720369e+00 7.582122e+00 7.670469e+00 7.849248e+00 7.559826e+00 7.448784e+00 7.650886e+00 7.698530e+00 7.521110e+00 7.707271e+00 7.553631e+00 7.611125e+00 7.847735e+00 7.559425e+00 7.515947e+00 7.857408e+00 7.677321e+00 7.496497e+00 7.864867e+00 7.353887e+00 7.801700e+00 7.584425e+00 7.776485e+00 7.432778e+00 7.490104e+00 7.700784e-01 7.266953e-01 7.741397e-01 7.411551e-01 
79 1107 7.752660e+00 0 0 7.542996e+00 7.564470e+00 7.533662e+00 7.522998e+00 7.367918e+00 7.704538e+00 7.493288e+00 7.679339e+00 7.540442e+00 7.613886e+00 7.780452e+00 7.511377e+00 7.396313e+00 7.610852e+00 7.647435e+00 7.463996e+00 7.642343e+00 7.494224e+00 7.549766e+00 7.800849e+00 7.519021e+00 7.460246e+00 7.807996e+00 7.627190e+00 7.452705e+00 7.801989e+00 7.316000e+00 7.736132e+00 7.529549e+00 7.724690e+00 7.384814e+00 7.434108e+00 7.669514e-01 7.203064e-01 7.689070e-01 7.361913e-01 
80 1121 7.649158e+00 0 0 7.435626e+00 7.461610e+00 7.440439e+00 7.423396e+00 7.266919e+00 7.606101e+00 7.400713e+00 7.566208e+00 7.441287e+00 7.536207e+00 7.683378e+00 7.419310e+00 7.298906e+00 7.501479e+00 7.544505e+00 7.361598e+00 7.542599e+00 7.383834e+00 7.439770e+00 7.689097e+00 7.422026e+00 7.359376e+00 7.701101e+00 7.514025e+00 7.348522e+00 7.683280e+00 7.215525e+00 7.616810e+00 7.427046e+00 7.617239e+00 7.294384e+00 7.332544e+00 7.555498e-01 7.094766e-01 7.593348e-01 7.263260e-01 
81 1135 7.554748e+00 0 0 7.336109e+00 7.358631e+00 7.369094e+00 7.317178e+00 7.173778e+00 7.504392e+00 7.310628e+00 7.456053e+00 7.354450e+00 7.437651e+00 7.576668e+00 7.342824e+00 7.206368e+00 7.399777e+00 7.449324e+00 7.267626e+00 7.442841e+00 7.291743e+00 7.344845e+00 7.584577e+00 7.326673e+00 7.264488e+00 7.611776e+00 7.451191e+00 7.251221e+00 7.579377e+00 7.119000e+00 7.509969e+00 7.326162e+00 7.521935e+00 7.213221e+00 7.238110e+00 7.466693e-01 7.001469e-01 7.500008e-01 7.189586e-01 
82 1149 7.488730e+00 0 0 7.310846e+00 7.294053e+00 7.300902e+00 7.250107e+00 7.104342e+00 7.441201e+00 7.256326e+00 7.377910e+00 7.293095e+00 7.359176e+00 7.500457e+00 7.298954e+00 7.145251e+00 7.329585e+00 7.372068e+00 7.204075e+00 7.372670e+00 7.227739e+00 7.275801e+00 7.508238e+00 7.249944e+00 7.194102e+00 7.541637e+00 7.388256e+00 7.174474e+00 7.514453e+00 7.059402e+00 7.428708e+00 7.258538e+00 7.456235e+00 7.143483e+00 7.171934e+00 7.390390e-01 6.924920e-01 7.429925e-01 7.112078e-01 
83 1163 7.377636e+00 0 0 7.204613e+00 7.180079e+00 7.187615e+00 7.135193e+00 6.992992e+00 7.322303e+00 7.141582e+00 7.270667e+00 7.181061e+00 7.259308e+00 7.386655e+00 7.179023e+00 7.029119e+00 7.226653e+00 7.271246e+00 7.086555e+00 7.257830e+00 7.121169e+00 7.168236e+00 7.386437e+00 7.131880e+00 7.082377e+00 7.419774e+00 7.305821e+00 7.075085e+00 7.395961e+00 6.947439e+00 7.307881e+00 7.137843e+00 7.338786e+00 7.030820e+00 7.070998e+00 7.276725e-01 6.813806e-01 7.315208e-01 7.008446e-01 
84 1177 7.286077e+00 0 0 7.122802e+00 7.102210e+00 7.106500e+00 7.048099e+00 6.893675e+00 7.228994e+00 7.069283e+00 7.183467e+00 7.103630e+00 7.153843e+00 7.281446e+00 7.087815e+00 6.931733e+00 7.134823e+00 7.188429e+00 6.988030e+00 7.158406e+00 7.041862e+00 7.085224e+00 7.290500e+00 7.036708e+00 6.982568e+00 7.321930e+00 7.216358e+00 6.974604e+00 7.319548e+00 6.852152e+00 7.204600e+00 7.045512e+00 7.292603e+00 6.938581e+00 6.986969e+00 7.178106e-01 6.716277e-01 7.218243e-01 6.914804e-01 
85 1191 7.317888e+00 0 0 7.170785e+00 7.141528e+00 7.135454e+00 7.087802e+00 6.920702e+00 7.249880e+00 7.088154e+00 7.214038e+00 7.129166e+00 7.182713e+00 7.325490e+00 7.109138e+00 6.952194e+00 7.157643e+00 7.212800e+00 7.019469e+00 7.193737e+00 7.094796e+00 7.103922e+00 7.312699e+00 7.070514e+00 7.003998e+00 7.368457e+00 7.243857e+00 7.003324e+00 7.345616e+00 6.897551e+00 7.247919e+00 7.079477e+00 7.329210e+00 6.966940e+00 7.012597e+00 7.228271e-01 6.732833e-01 7.241098e-01 6.953203e-01 
86 1205 7.284406e+00 0 0 7.128546e+00 7.150248e+00 7.102658e+00 7.061855e+00 6.886551e+00 7.208861e+00 7.046915e+00 7.172909e+00 7.092371e+00 7.135497e+00 7.298332e+00 7.061863e+00 6.920816e+00 7.114755e+00 7.177502e+00 6.975365e+00 7.155835e+00 7.091400e+00 7.063625e+00 7.268603e+00 7.041351e+00 6.967854e+00 7.333733e+00 7.200837e+00 6.964112e+00 7.306936e+00 6.878084e+00 7.227572e+00 7.038157e+00 7.293226e+00 6.926871e+00 6.971943e+00 7.186301e-01 6.689016e-01 7.200589e-01 6.931376e-01 
87 1219 7.371308e+00 0 0 7.202609e+00 7.227080e+00 7.177657e+00 7.151841e+00 6.956847e+00 7.292082e+00 7.131698e+00 7.273249e+00 7.169783e+00 7.221838e+00 7.387870e+00 7.136234e+00 6.996314e+00 7.188683e+00 7.272757e+00 7.052201e+00 7.241008e+00 7.219729e+00 7.141283e+00 7.355893e+00 7.124300e+00 7.047449e+00 7.425378e+00 7.280815e+00 7.045290e+00 7.384965e+00 6.965095e+00 7.299399e+00 7.140063e+00 7.379266e+00 7.020773e+00 7.049373e+00 7.259111e-01 6.758177e-01 7.281298e-01 7.019418e-01 
88 1233 7.466501e+00 0 0 7.283836e+00 7.309795e+00 7.274001e+00 7.236194e+00 7.048300e+00 7.383909e+00 7.227531e+00 7.365139e+00 7.255057e+00 7.305502e+00 7.503807e+00 7.232213e+00 7.118279e+00 7.270585e+00 7.360935e+00 7.145537e+00 7.366251e+00 7.319686e+00 7.223736e+00 7.440478e+00 7.212850e+00 7.123880e+00 7.540008e+00 7.378036e+00 7.130086e+00 7.473395e+00 7.076552e+00 7.402543e+00 7.248245e+00 7.484961e+00 7.106712e+00 7.157638e+00 7.355468e-01 6.831488e-01 7.364481e-01 7.111646e-01 
89 1247 7.550827e+00 0 0 7.357855e+00 7.397444e+00 7.366928e+00 7.326367e+00 7.122785e+00 7.454278e+00 7.318431e+00 7.443727e+00 7.326620e+00 7.395140e+00 7.592979e+00 7.306079e+00 7.197860e+00 7.341374e+00 7.465816e+00 7.250608e+00 7.461217e+00 7.412819e+00 7.298301e+00 7.511264e+00 7.299003e+00 7.195178e+00 7.628304e+00 7.449681e+00 7.212048e+00 7.544693e+00 7.162217e+00 7.499329e+00 7.326659e+00 7.599378e+00 7.179578e+00 7.243069e+00 7.426095e-01 6.908915e-01 7.440238e-01 7.191881e-01 
90 1261 7.515658e+00 0 0 7.318921e+00 7.350736e+00 7.329796e+00 7.288367e+00 7.091913e+00 7.405227e+00 7.281737e+00 7.395032e+00 7.284092e+00 7.360172e+00 7.556543e+00 7.264535e+00 7.156661e+00 7.294915e+00 7.421469e+00 7.215695e+00 7.433491e+00 7.384488e+00 7.270594e+00 7.462914e+00 7.271175e+00 7.146715e+00 7.597187e+00 7.407976e+00 7.176388e+00 7.519081e+00 7.138444e+00 7.468003e+00 7.298778e+00 7.566793e+00 7.138135e+00 7.200560e+00 7.379713e-01 6.867999e-01 7.394770e-01 7.155851e-01 
91 1275 7.530339e+00 0 0 7.325098e+00 7.355142e+00 7.338184e+00 7.332740e+00 7.095606e+00 7.435407e+00 7.288349e+00 7.396021e+00 7.300440e+00 7.366190e+00 7.568408e+00 7.282851e+00 7.172195e+00 7.298107e+00 7.436324e+00 7.227081e+00 7.471934e+00 7.422311e+00 7.279307e+00 7.474049e+00 7.304415e+00 7.158203e+00 7.606933e+00 7.408142e+00 7.183192e+00 7.530660e+00 7.182932e+00 7.483450e+00 7.310681e+00 7.568889e+00 7.147837e+00 7.223570e+00 7.380401e-01 6.882121e-01 7.395671e-01 7.166793e-01 
