%  columns="iteration, evaluation, sigma, max axis length, min axis length, all principal axes lengths (sorted square roots of eigenvalues of C)" (startseed=521288629, 2018/02/22 2:21:47.35)
1 15 2.806805e+01 1.015634e+00 9.975909e-02 9.975909e-02 9.979694e-02 9.985970e-02 9.992163e-02 9.975402e-01 9.975402e-01 9.975402e-01 9.975402e-01 9.975402e-01 9.975402e-01 9.975402e-01 9.975402e-01 9.975402e-01 9.975402e-01 9.975402e-01 9.975402e-01 9.975402e-01 9.975402e-01 9.975402e-01 9.975402e-01 9.975402e-01 9.975402e-01 9.975402e-01 9.975402e-01 9.975402e-01 9.975402e-01 9.975402e-01 9.975402e-01 9.975402e-01 9.980066e-01 9.992505e-01 1.000415e+00 1.002662e+00 1.005758e+00 1.010269e+00 1.015634e+00 
2 29 2.637665e+01 1.023449e+00 9.957416e-02 9.957416e-02 9.966175e-02 9.972033e-02 9.986937e-02 9.950864e-01 9.950864e-01 9.950864e-01 9.950864e-01 9.950864e-01 9.950864e-01 9.950864e-01 9.950864e-01 9.950864e-01 9.950864e-01 9.950864e-01 9.950864e-01 9.950864e-01 9.950864e-01 9.950864e-01 9.950864e-01 9.950864e-01 9.950864e-01 9.953756e-01 9.956000e-01 9.958974e-01 9.967034e-01 9.975311e-01 9.981196e-01 9.995518e-01 1.000577e+00 1.000878e+00 1.003350e+00 1.003866e+00 1.009032e+00 1.015884e+00 1.023449e+00 
3 43 2.527494e+01 1.023810e+00 9.940016e-02 9.940016e-02 9.954620e-02 9.966160e-02 9.979288e-02 9.926386e-01 9.926386e-01 9.926386e-01 9.926386e-01 9.926386e-01 9.926386e-01 9.926386e-01 9.926386e-01 9.926386e-01 9.926386e-01 9.926386e-01 9.927800e-01 9.929135e-01 9.929989e-01 9.931361e-01 9.935089e-01 9.936283e-01 9.944439e-01 9.952320e-01 9.956145e-01 9.959698e-01 9.966605e-01 9.969765e-01 9.985213e-01 9.992313e-01 1.001759e+00 1.003107e+00 1.005514e+00 1.009440e+00 1.011341e+00 1.022129e+00 1.023810e+00 
4 57 2.394671e+01 1.029579e+00 9.921454e-02 9.921454e-02 9.942776e-02 9.949780e-02 9.957629e-02 9.901969e-01 9.901969e-01 9.901969e-01 9.901969e-01 9.902416e-01 9.902767e-01 9.902898e-01 9.903746e-01 9.905145e-01 9.905710e-01 9.907068e-01 9.909985e-01 9.911738e-01 9.915740e-01 9.919386e-01 9.928869e-01 9.933064e-01 9.937179e-01 9.941478e-01 9.948845e-01 9.954345e-01 9.967207e-01 9.976567e-01 9.980115e-01 1.000019e+00 1.001600e+00 1.003549e+00 1.007785e+00 1.011685e+00 1.014669e+00 1.022070e+00 1.029579e+00 
5 71 2.290657e+01 1.035288e+00 9.908370e-02 9.908370e-02 9.938519e-02 9.945905e-02 9.957874e-02 9.877881e-01 9.878396e-01 9.878772e-01 9.879207e-01 9.880434e-01 9.881022e-01 9.881274e-01 9.882420e-01 9.883887e-01 9.886449e-01 9.890295e-01 9.891249e-01 9.898383e-01 9.905109e-01 9.908221e-01 9.911976e-01 9.916634e-01 9.924674e-01 9.934953e-01 9.939385e-01 9.951905e-01 9.970413e-01 9.988729e-01 9.996783e-01 1.000645e+00 1.004978e+00 1.005695e+00 1.006766e+00 1.009828e+00 1.021797e+00 1.024720e+00 1.035288e+00 
6 85 2.218203e+01 1.034684e+00 9.902739e-02 9.902739e-02 9.922990e-02 9.929385e-02 9.952869e-02 9.854126e-01 9.855791e-01 9.856814e-01 9.857957e-01 9.858376e-01 9.858636e-01 9.861409e-01 9.865628e-01 9.870258e-01 9.876421e-01 9.877160e-01 9.883800e-01 9.884835e-01 9.886251e-01 9.893518e-01 9.901976e-01 9.908906e-01 9.912260e-01 9.935134e-01 9.942354e-01 9.963372e-01 9.972551e-01 9.979089e-01 1.000126e+00 1.003845e+00 1.005231e+00 1.005776e+00 1.007931e+00 1.014168e+00 1.021711e+00 1.028737e+00 1.034684e+00 
7 99 2.158332e+01 1.033146e+00 9.893417e-02 9.893417e-02 9.901580e-02 9.936208e-02 9.953094e-02 9.831937e-01 9.833798e-01 9.835112e-01 9.836421e-01 9.841535e-01 9.842802e-01 9.846332e-01 9.848552e-01 9.854890e-01 9.858874e-01 9.860584e-01 9.863443e-01 9.866783e-01 9.869030e-01 9.886863e-01 9.890547e-01 9.906465e-01 9.917749e-01 9.936973e-01 9.949080e-01 9.961938e-01 9.980447e-01 9.983429e-01 1.000131e+00 1.002893e+00 1.004303e+00 1.005120e+00 1.008229e+00 1.015883e+00 1.023035e+00 1.032902e+00 1.033146e+00 
8 113 2.133861e+01 1.042582e+00 9.880981e-02 9.880981e-02 9.889849e-02 9.923251e-02 9.945893e-02 9.810113e-01 9.811909e-01 9.813430e-01 9.819064e-01 9.820525e-01 9.824619e-01 9.828598e-01 9.831111e-01 9.838493e-01 9.842164e-01 9.843590e-01 9.850026e-01 9.855855e-01 9.870413e-01 9.874549e-01 9.887259e-01 9.896947e-01 9.918359e-01 9.930336e-01 9.940525e-01 9.962098e-01 9.969703e-01 9.985660e-01 1.001917e+00 1.002399e+00 1.003103e+00 1.005905e+00 1.006530e+00 1.020594e+00 1.022504e+00 1.036373e+00 1.042582e+00 
9 127 2.116661e+01 1.050775e+00 9.862536e-02 9.862536e-02 9.884078e-02 9.915183e-02 9.956429e-02 9.787891e-01 9.790572e-01 9.795081e-01 9.796917e-01 9.798640e-01 9.806656e-01 9.812040e-01 9.814814e-01 9.819557e-01 9.827733e-01 9.838238e-01 9.845443e-01 9.854111e-01 9.857261e-01 9.863336e-01 9.871759e-01 9.887924e-01 9.905500e-01 9.936990e-01 9.945656e-01 9.956265e-01 9.973154e-01 9.992261e-01 1.001043e+00 1.001191e+00 1.003814e+00 1.008666e+00 1.011043e+00 1.024660e+00 1.025943e+00 1.039669e+00 1.050775e+00 
10 141 2.138511e+01 1.066017e+00 9.843164e-02 9.843164e-02 9.887532e-02 9.911122e-02 9.943386e-02 9.768345e-01 9.771520e-01 9.773977e-01 9.776181e-01 9.778476e-01 9.784183e-01 9.793138e-01 9.796538e-01 9.806570e-01 9.808230e-01 9.830626e-01 9.835279e-01 9.837266e-01 9.843927e-01 9.856331e-01 9.869785e-01 9.882034e-01 9.886792e-01 9.925148e-01 9.948885e-01 9.954957e-01 9.980359e-01 9.982701e-01 1.000045e+00 1.001419e+00 1.005109e+00 1.007673e+00 1.018108e+00 1.024585e+00 1.030953e+00 1.040948e+00 1.066017e+00 
11 155 2.143477e+01 1.075410e+00 9.831120e-02 9.831120e-02 9.878993e-02 9.913872e-02 9.929334e-02 9.747833e-01 9.749518e-01 9.754761e-01 9.759584e-01 9.764126e-01 9.773684e-01 9.774359e-01 9.784816e-01 9.788169e-01 9.797392e-01 9.813400e-01 9.816016e-01 9.822852e-01 9.836051e-01 9.853636e-01 9.864469e-01 9.884306e-01 9.906715e-01 9.928407e-01 9.931079e-01 9.939444e-01 9.961114e-01 9.969159e-01 9.993922e-01 1.002176e+00 1.004307e+00 1.013227e+00 1.021133e+00 1.024410e+00 1.033076e+00 1.040459e+00 1.075410e+00 
12 169 2.113025e+01 1.082192e+00 9.817530e-02 9.817530e-02 9.872901e-02 9.913702e-02 9.923256e-02 9.728771e-01 9.734489e-01 9.735296e-01 9.741781e-01 9.746260e-01 9.757603e-01 9.759692e-01 9.766055e-01 9.776041e-01 9.786095e-01 9.801426e-01 9.804471e-01 9.818403e-01 9.821997e-01 9.842994e-01 9.862610e-01 9.876460e-01 9.902854e-01 9.917585e-01 9.930497e-01 9.939757e-01 9.959422e-01 9.961479e-01 1.000824e+00 1.002557e+00 1.002691e+00 1.011899e+00 1.020763e+00 1.024794e+00 1.037763e+00 1.045051e+00 1.082192e+00 
13 183 2.065970e+01 1.084415e+00 9.799545e-02 9.799545e-02 9.864965e-02 9.906345e-02 9.941243e-02 9.709939e-01 9.712539e-01 9.722162e-01 9.725281e-01 9.733100e-01 9.741720e-01 9.744025e-01 9.763455e-01 9.772915e-01 9.781815e-01 9.784452e-01 9.800853e-01 9.804872e-01 9.812166e-01 9.836252e-01 9.850370e-01 9.868387e-01 9.905723e-01 9.919852e-01 9.930059e-01 9.948092e-01 9.972233e-01 9.974111e-01 9.998965e-01 1.003728e+00 1.004479e+00 1.014727e+00 1.021418e+00 1.025413e+00 1.038292e+00 1.045030e+00 1.084415e+00 
14 197 2.052564e+01 1.086221e+00 9.784677e-02 9.784677e-02 9.858497e-02 9.909385e-02 9.940676e-02 9.694011e-01 9.696497e-01 9.701010e-01 9.713752e-01 9.717251e-01 9.730371e-01 9.739151e-01 9.742467e-01 9.758388e-01 9.777134e-01 9.782431e-01 9.787578e-01 9.788561e-01 9.808081e-01 9.826152e-01 9.839610e-01 9.861716e-01 9.896742e-01 9.909954e-01 9.921539e-01 9.937865e-01 9.967090e-01 9.976927e-01 1.001920e+00 1.002711e+00 1.005773e+00 1.015152e+00 1.023418e+00 1.028993e+00 1.042966e+00 1.045437e+00 1.086221e+00 
15 211 2.019641e+01 1.090637e+00 9.771334e-02 9.771334e-02 9.838942e-02 9.891259e-02 9.921412e-02 9.674494e-01 9.677595e-01 9.687339e-01 9.694011e-01 9.702410e-01 9.719179e-01 9.722969e-01 9.734833e-01 9.745020e-01 9.759932e-01 9.764304e-01 9.771538e-01 9.787269e-01 9.796964e-01 9.818463e-01 9.836189e-01 9.848021e-01 9.885594e-01 9.903924e-01 9.922834e-01 9.931001e-01 9.956690e-01 9.969447e-01 1.000529e+00 1.000774e+00 1.005953e+00 1.013868e+00 1.021566e+00 1.032225e+00 1.040947e+00 1.050457e+00 1.090637e+00 
16 225 1.987993e+01 1.097493e+00 9.755835e-02 9.755835e-02 9.835663e-02 9.878380e-02 9.908506e-02 9.654877e-01 9.661998e-01 9.669237e-01 9.679704e-01 9.682969e-01 9.702947e-01 9.709161e-01 9.720962e-01 9.732148e-01 9.744030e-01 9.753777e-01 9.767146e-01 9.773883e-01 9.791279e-01 9.804099e-01 9.823920e-01 9.834593e-01 9.865615e-01 9.896845e-01 9.916907e-01 9.930267e-01 9.937704e-01 9.959255e-01 9.987429e-01 1.000418e+00 1.006190e+00 1.013354e+00 1.022187e+00 1.031387e+00 1.039849e+00 1.053891e+00 1.097493e+00 
17 239 1.961957e+01 1.104590e+00 9.746592e-02 9.746592e-02 9.836315e-02 9.899787e-02 9.958769e-02 9.639150e-01 9.645008e-01 9.649554e-01 9.662196e-01 9.680793e-01 9.692608e-01 9.693839e-01 9.706039e-01 9.726349e-01 9.731210e-01 9.748269e-01 9.750561e-01 9.768167e-01 9.775538e-01 9.793143e-01 9.819408e-01 9.829849e-01 9.848608e-01 9.890585e-01 9.914831e-01 9.920477e-01 9.938859e-01 9.962459e-01 9.985127e-01 9.995021e-01 1.005780e+00 1.012006e+00 1.021456e+00 1.029605e+00 1.040012e+00 1.054566e+00 1.104590e+00 
18 253 1.894707e+01 1.111717e+00 9.734025e-02 9.734025e-02 9.828793e-02 9.887718e-02 9.938681e-02 9.623140e-01 9.625318e-01 9.630957e-01 9.642935e-01 9.662552e-01 9.672988e-01 9.681714e-01 9.693005e-01 9.707925e-01 9.716291e-01 9.730148e-01 9.733288e-01 9.755986e-01 9.774557e-01 9.788069e-01 9.807984e-01 9.836166e-01 9.857930e-01 9.882007e-01 9.896315e-01 9.898842e-01 9.944786e-01 9.963126e-01 1.000050e+00 1.001328e+00 1.007794e+00 1.010434e+00 1.021378e+00 1.028550e+00 1.038499e+00 1.054965e+00 1.111717e+00 
19 267 1.833132e+01 1.112928e+00 9.732168e-02 9.732168e-02 9.819759e-02 9.871074e-02 9.931937e-02 9.602957e-01 9.613253e-01 9.617047e-01 9.627572e-01 9.641650e-01 9.651707e-01 9.667156e-01 9.680547e-01 9.696819e-01 9.705517e-01 9.717113e-01 9.736725e-01 9.745743e-01 9.772797e-01 9.784309e-01 9.793177e-01 9.825945e-01 9.845511e-01 9.867056e-01 9.880599e-01 9.901504e-01 9.941866e-01 9.985509e-01 9.991797e-01 1.000936e+00 1.008739e+00 1.010529e+00 1.023609e+00 1.028951e+00 1.039882e+00 1.054351e+00 1.112928e+00 
20 281 1.777126e+01 1.114410e+00 9.714510e-02 9.714510e-02 9.802918e-02 9.865797e-02 9.927062e-02 9.585429e-01 9.601406e-01 9.606060e-01 9.612877e-01 9.633080e-01 9.646293e-01 9.657680e-01 9.674907e-01 9.681517e-01 9.698151e-01 9.708967e-01 9.728895e-01 9.739198e-01 9.758489e-01 9.769413e-01 9.802939e-01 9.811475e-01 9.846117e-01 9.868604e-01 9.886888e-01 9.916934e-01 9.922072e-01 9.976932e-01 9.993492e-01 1.000633e+00 1.007266e+00 1.011611e+00 1.023521e+00 1.028955e+00 1.042596e+00 1.053706e+00 1.114410e+00 
21 295 1.717852e+01 1.116397e+00 9.703418e-02 9.703418e-02 9.790496e-02 9.854170e-02 9.906363e-02 9.565908e-01 9.585016e-01 9.593957e-01 9.608926e-01 9.611719e-01 9.636893e-01 9.648955e-01 9.655024e-01 9.674056e-01 9.679725e-01 9.694546e-01 9.714944e-01 9.727077e-01 9.739186e-01 9.764696e-01 9.792771e-01 9.794294e-01 9.842348e-01 9.853167e-01 9.880041e-01 9.917936e-01 9.933717e-01 9.969474e-01 9.990669e-01 9.999668e-01 1.007600e+00 1.011125e+00 1.023510e+00 1.028115e+00 1.047644e+00 1.055024e+00 1.116397e+00 
22 309 1.660056e+01 1.119169e+00 9.686394e-02 9.686394e-02 9.773143e-02 9.859378e-02 9.928657e-02 9.548003e-01 9.565375e-01 9.574004e-01 9.594346e-01 9.601821e-01 9.619613e-01 9.632113e-01 9.648593e-01 9.664708e-01 9.678591e-01 9.703173e-01 9.709170e-01 9.732239e-01 9.757088e-01 9.775703e-01 9.788922e-01 9.820583e-01 9.828716e-01 9.855988e-01 9.866539e-01 9.919723e-01 9.949524e-01 9.968684e-01 9.992945e-01 1.000571e+00 1.009268e+00 1.011355e+00 1.022228e+00 1.026749e+00 1.048349e+00 1.054324e+00 1.119169e+00 
23 323 1.610670e+01 1.119325e+00 9.696468e-02 9.696468e-02 9.751930e-02 9.870324e-02 9.924789e-02 9.531746e-01 9.553122e-01 9.563385e-01 9.574936e-01 9.588269e-01 9.606436e-01 9.630116e-01 9.632504e-01 9.658660e-01 9.673878e-01 9.684774e-01 9.691365e-01 9.717720e-01 9.754793e-01 9.766769e-01 9.780785e-01 9.807808e-01 9.836489e-01 9.849246e-01 9.858173e-01 9.915357e-01 9.935461e-01 9.968321e-01 9.984791e-01 1.001474e+00 1.008755e+00 1.010587e+00 1.021196e+00 1.031473e+00 1.048420e+00 1.054116e+00 1.119325e+00 
24 337 1.552625e+01 1.120229e+00 9.683634e-02 9.683634e-02 9.743446e-02 9.872627e-02 9.912963e-02 9.512528e-01 9.535466e-01 9.547436e-01 9.577974e-01 9.579271e-01 9.603463e-01 9.615992e-01 9.623360e-01 9.646569e-01 9.662466e-01 9.669100e-01 9.687168e-01 9.721262e-01 9.736119e-01 9.748131e-01 9.764036e-01 9.794473e-01 9.818240e-01 9.841851e-01 9.889185e-01 9.909296e-01 9.923201e-01 9.957155e-01 9.983837e-01 1.001219e+00 1.007698e+00 1.010631e+00 1.022674e+00 1.031354e+00 1.047616e+00 1.054753e+00 1.120229e+00 
25 351 1.473456e+01 1.119539e+00 9.673697e-02 9.673697e-02 9.736041e-02 9.862778e-02 9.917028e-02 9.497428e-01 9.518909e-01 9.525613e-01 9.558891e-01 9.565360e-01 9.589770e-01 9.609596e-01 9.632504e-01 9.638144e-01 9.655019e-01 9.667943e-01 9.672401e-01 9.704013e-01 9.729552e-01 9.733293e-01 9.770266e-01 9.778785e-01 9.799734e-01 9.835075e-01 9.875994e-01 9.904751e-01 9.914049e-01 9.938948e-01 9.988578e-01 1.001420e+00 1.007915e+00 1.010379e+00 1.021655e+00 1.032529e+00 1.047177e+00 1.059365e+00 1.119539e+00 
26 365 1.400321e+01 1.119871e+00 9.656701e-02 9.656701e-02 9.724441e-02 9.846921e-02 9.908063e-02 9.490394e-01 9.504001e-01 9.507241e-01 9.546533e-01 9.554156e-01 9.569177e-01 9.593483e-01 9.615705e-01 9.632123e-01 9.641858e-01 9.662356e-01 9.675556e-01 9.688168e-01 9.717546e-01 9.725354e-01 9.753445e-01 9.777250e-01 9.820248e-01 9.829762e-01 9.855375e-01 9.888607e-01 9.918665e-01 9.964095e-01 9.993274e-01 1.000586e+00 1.006844e+00 1.012701e+00 1.021425e+00 1.031053e+00 1.046209e+00 1.060227e+00 1.119871e+00 
27 379 1.370422e+01 1.119481e+00 9.645215e-02 9.645215e-02 9.717908e-02 9.846192e-02 9.905278e-02 9.471827e-01 9.493707e-01 9.498061e-01 9.532407e-01 9.547628e-01 9.562526e-01 9.581261e-01 9.603821e-01 9.614190e-01 9.624096e-01 9.653653e-01 9.658729e-01 9.678440e-01 9.699461e-01 9.709773e-01 9.734294e-01 9.794610e-01 9.815958e-01 9.844585e-01 9.845978e-01 9.875694e-01 9.922020e-01 9.984327e-01 9.994201e-01 1.005155e+00 1.006026e+00 1.011131e+00 1.027119e+00 1.031326e+00 1.045551e+00 1.061267e+00 1.119481e+00 
28 393 1.360018e+01 1.120142e+00 9.627748e-02 9.627748e-02 9.714965e-02 9.836770e-02 9.922403e-02 9.461222e-01 9.480721e-01 9.491674e-01 9.513266e-01 9.533607e-01 9.558876e-01 9.575499e-01 9.587541e-01 9.603000e-01 9.612994e-01 9.636642e-01 9.650161e-01 9.674890e-01 9.684624e-01 9.716291e-01 9.726947e-01 9.790925e-01 9.807699e-01 9.826777e-01 9.847433e-01 9.888032e-01 9.927977e-01 9.969448e-01 9.991449e-01 1.005061e+00 1.009072e+00 1.013110e+00 1.029947e+00 1.039626e+00 1.044573e+00 1.059593e+00 1.120142e+00 
29 407 1.351881e+01 1.121575e+00 9.615429e-02 9.615429e-02 9.695944e-02 9.825173e-02 9.909135e-02 9.448156e-01 9.465974e-01 9.490997e-01 9.510902e-01 9.518661e-01 9.543456e-01 9.566433e-01 9.572435e-01 9.587187e-01 9.597166e-01 9.637866e-01 9.646616e-01 9.665587e-01 9.670669e-01 9.705489e-01 9.730277e-01 9.784848e-01 9.795446e-01 9.817051e-01 9.826345e-01 9.879901e-01 9.909026e-01 9.951879e-01 9.986393e-01 1.004436e+00 1.007407e+00 1.014828e+00 1.030768e+00 1.042289e+00 1.046379e+00 1.059680e+00 1.121575e+00 
30 421 1.351026e+01 1.127503e+00 9.602047e-02 9.602047e-02 9.682915e-02 9.806911e-02 9.958044e-02 9.440213e-01 9.456903e-01 9.476959e-01 9.492276e-01 9.503724e-01 9.522800e-01 9.551780e-01 9.574951e-01 9.576485e-01 9.584135e-01 9.637298e-01 9.650024e-01 9.652414e-01 9.688110e-01 9.701706e-01 9.733414e-01 9.764238e-01 9.787934e-01 9.806655e-01 9.844840e-01 9.883998e-01 9.903684e-01 9.945768e-01 9.974110e-01 1.003859e+00 1.007986e+00 1.014001e+00 1.029164e+00 1.041574e+00 1.051854e+00 1.061585e+00 1.127503e+00 
31 435 1.376309e+01 1.133748e+00 9.586729e-02 9.586729e-02 9.675119e-02 9.795264e-02 9.989710e-02 9.421668e-01 9.450312e-01 9.465547e-01 9.471761e-01 9.486407e-01 9.512149e-01 9.535832e-01 9.560641e-01 9.567117e-01 9.596356e-01 9.633043e-01 9.638560e-01 9.658553e-01 9.680848e-01 9.720393e-01 9.738852e-01 9.764039e-01 9.784248e-01 9.804346e-01 9.842547e-01 9.879683e-01 9.891482e-01 9.952792e-01 9.967637e-01 1.005292e+00 1.006048e+00 1.012484e+00 1.029540e+00 1.041974e+00 1.053598e+00 1.067310e+00 1.133748e+00 
32 449 1.409950e+01 1.139268e+00 9.583759e-02 9.583759e-02 9.693405e-02 9.786252e-02 9.997842e-02 9.411573e-01 9.434618e-01 9.446416e-01 9.456605e-01 9.474386e-01 9.495399e-01 9.517937e-01 9.553406e-01 9.577579e-01 9.607755e-01 9.614672e-01 9.637888e-01 9.665793e-01 9.673943e-01 9.714496e-01 9.742796e-01 9.770020e-01 9.800162e-01 9.812572e-01 9.843457e-01 9.865603e-01 9.886086e-01 9.935240e-01 9.989601e-01 1.003778e+00 1.009863e+00 1.013316e+00 1.029764e+00 1.040113e+00 1.054985e+00 1.078050e+00 1.139268e+00 
33 463 1.442259e+01 1.147527e+00 9.591935e-02 9.591935e-02 9.695950e-02 9.794259e-02 1.000159e-01 9.400318e-01 9.418024e-01 9.430787e-01 9.454231e-01 9.467158e-01 9.505422e-01 9.518343e-01 9.546657e-01 9.563737e-01 9.590895e-01 9.611653e-01 9.621177e-01 9.652078e-01 9.660453e-01 9.697521e-01 9.726007e-01 9.766828e-01 9.794719e-01 9.812986e-01 9.831042e-01 9.860685e-01 9.877767e-01 9.928005e-01 9.993446e-01 1.002483e+00 1.008409e+00 1.014777e+00 1.028676e+00 1.045327e+00 1.054304e+00 1.091498e+00 1.147527e+00 
34 477 1.457128e+01 1.155030e+00 9.579878e-02 9.579878e-02 9.701640e-02 9.782590e-02 1.004757e-01 9.380095e-01 9.405940e-01 9.423355e-01 9.442230e-01 9.464513e-01 9.497550e-01 9.503464e-01 9.533310e-01 9.560636e-01 9.581552e-01 9.595844e-01 9.630684e-01 9.636918e-01 9.655833e-01 9.681562e-01 9.706779e-01 9.754709e-01 9.791891e-01 9.815978e-01 9.832286e-01 9.844740e-01 9.892070e-01 9.926357e-01 9.997409e-01 1.001781e+00 1.006870e+00 1.014605e+00 1.027293e+00 1.046909e+00 1.053247e+00 1.094902e+00 1.155030e+00 
35 491 1.462933e+01 1.162638e+00 9.582735e-02 9.582735e-02 9.703963e-02 9.767750e-02 1.007497e-01 9.361826e-01 9.388850e-01 9.410933e-01 9.430979e-01 9.467700e-01 9.485892e-01 9.505772e-01 9.523548e-01 9.555042e-01 9.568354e-01 9.585341e-01 9.611995e-01 9.629411e-01 9.652509e-01 9.673408e-01 9.699589e-01 9.738827e-01 9.788709e-01 9.806275e-01 9.818823e-01 9.831047e-01 9.892721e-01 9.937145e-01 9.974936e-01 1.001427e+00 1.005288e+00 1.013222e+00 1.033689e+00 1.047769e+00 1.051641e+00 1.101205e+00 1.162638e+00 
36 505 1.452617e+01 1.167861e+00 9.579323e-02 9.579323e-02 9.706956e-02 9.767592e-02 1.009574e-01 9.345488e-01 9.385797e-01 9.407088e-01 9.415238e-01 9.456790e-01 9.475691e-01 9.494988e-01 9.508215e-01 9.540665e-01 9.554658e-01 9.571395e-01 9.593204e-01 9.626560e-01 9.650932e-01 9.674666e-01 9.684499e-01 9.733436e-01 9.787520e-01 9.797441e-01 9.803392e-01 9.834871e-01 9.878299e-01 9.964126e-01 1.000711e+00 1.001563e+00 1.008781e+00 1.015613e+00 1.039096e+00 1.048755e+00 1.055423e+00 1.101282e+00 1.167861e+00 
37 519 1.459341e+01 1.172996e+00 9.580102e-02 9.580102e-02 9.694362e-02 9.752138e-02 1.015052e-01 9.342821e-01 9.376073e-01 9.393401e-01 9.404928e-01 9.437434e-01 9.460300e-01 9.476310e-01 9.502377e-01 9.525296e-01 9.537740e-01 9.560079e-01 9.588765e-01 9.611434e-01 9.634584e-01 9.667737e-01 9.678601e-01 9.717291e-01 9.774930e-01 9.801985e-01 9.811663e-01 9.853517e-01 9.886576e-01 9.960745e-01 9.996547e-01 1.002867e+00 1.009512e+00 1.019311e+00 1.040581e+00 1.047494e+00 1.055360e+00 1.103561e+00 1.172996e+00 
38 533 1.455773e+01 1.175237e+00 9.564713e-02 9.564713e-02 9.689799e-02 9.753357e-02 1.018393e-01 9.325833e-01 9.368977e-01 9.382796e-01 9.401764e-01 9.424473e-01 9.454436e-01 9.475550e-01 9.502945e-01 9.510702e-01 9.521786e-01 9.542518e-01 9.571827e-01 9.596881e-01 9.643259e-01 9.657066e-01 9.669991e-01 9.715941e-01 9.773708e-01 9.794475e-01 9.804197e-01 9.842531e-01 9.884144e-01 9.945210e-01 9.992840e-01 1.005624e+00 1.008866e+00 1.020547e+00 1.040081e+00 1.052033e+00 1.056879e+00 1.102584e+00 1.175237e+00 
39 547 1.461924e+01 1.176729e+00 9.562124e-02 9.562124e-02 9.679232e-02 9.738154e-02 1.019352e-01 9.316702e-01 9.356471e-01 9.378863e-01 9.405491e-01 9.415710e-01 9.450116e-01 9.469550e-01 9.488782e-01 9.504532e-01 9.524800e-01 9.555279e-01 9.561945e-01 9.581410e-01 9.636892e-01 9.644026e-01 9.661009e-01 9.708297e-01 9.762951e-01 9.788934e-01 9.820133e-01 9.833261e-01 9.878251e-01 9.951414e-01 1.000513e+00 1.007300e+00 1.007622e+00 1.022654e+00 1.038798e+00 1.055659e+00 1.059005e+00 1.101670e+00 1.176729e+00 
40 561 1.428643e+01 1.177110e+00 9.552229e-02 9.552229e-02 9.670366e-02 9.730446e-02 1.025641e-01 9.320101e-01 9.339088e-01 9.364994e-01 9.389212e-01 9.417318e-01 9.432553e-01 9.451183e-01 9.478283e-01 9.491056e-01 9.509739e-01 9.542154e-01 9.558075e-01 9.564309e-01 9.625042e-01 9.637538e-01 9.647425e-01 9.693072e-01 9.742670e-01 9.794657e-01 9.811134e-01 9.842003e-01 9.867932e-01 9.939803e-01 1.000375e+00 1.007254e+00 1.007796e+00 1.023232e+00 1.038165e+00 1.057659e+00 1.061366e+00 1.102099e+00 1.177110e+00 
41 575 1.406370e+01 1.178015e+00 9.535849e-02 9.535849e-02 9.660983e-02 9.751161e-02 1.024084e-01 9.311616e-01 9.324470e-01 9.354773e-01 9.371583e-01 9.404676e-01 9.423475e-01 9.434037e-01 9.472393e-01 9.484982e-01 9.492071e-01 9.520437e-01 9.550284e-01 9.602407e-01 9.618592e-01 9.629216e-01 9.638397e-01 9.686462e-01 9.737307e-01 9.785151e-01 9.797474e-01 9.833168e-01 9.861643e-01 9.930339e-01 9.988168e-01 1.006600e+00 1.008951e+00 1.024008e+00 1.036339e+00 1.059140e+00 1.064368e+00 1.100656e+00 1.178015e+00 
42 589 1.392013e+01 1.177635e+00 9.521410e-02 9.521410e-02 9.644852e-02 9.751471e-02 1.023076e-01 9.298169e-01 9.308901e-01 9.352108e-01 9.356630e-01 9.388539e-01 9.418558e-01 9.422350e-01 9.454656e-01 9.468312e-01 9.473986e-01 9.512854e-01 9.536134e-01 9.597385e-01 9.604806e-01 9.624978e-01 9.661295e-01 9.681676e-01 9.715555e-01 9.772918e-01 9.813088e-01 9.823158e-01 9.848852e-01 9.927868e-01 9.988105e-01 1.004579e+00 1.009193e+00 1.027776e+00 1.036204e+00 1.064383e+00 1.067755e+00 1.099227e+00 1.177635e+00 
43 603 1.380015e+01 1.175600e+00 9.521576e-02 9.521576e-02 9.649724e-02 9.751113e-02 1.021130e-01 9.289364e-01 9.293293e-01 9.343197e-01 9.359904e-01 9.376893e-01 9.408970e-01 9.420951e-01 9.451094e-01 9.460410e-01 9.482183e-01 9.503326e-01 9.534988e-01 9.592867e-01 9.609105e-01 9.624037e-01 9.655738e-01 9.684514e-01 9.699744e-01 9.776152e-01 9.805171e-01 9.811096e-01 9.864907e-01 9.917144e-01 9.983295e-01 1.003324e+00 1.010421e+00 1.028568e+00 1.036194e+00 1.064919e+00 1.081639e+00 1.099123e+00 1.175600e+00 
44 617 1.354240e+01 1.175622e+00 9.537942e-02 9.537942e-02 9.651574e-02 9.744425e-02 1.019236e-01 9.273080e-01 9.287959e-01 9.324361e-01 9.350409e-01 9.366828e-01 9.393796e-01 9.410148e-01 9.432250e-01 9.448237e-01 9.471224e-01 9.492195e-01 9.520422e-01 9.587691e-01 9.614613e-01 9.626438e-01 9.659678e-01 9.666191e-01 9.702713e-01 9.759146e-01 9.789884e-01 9.840646e-01 9.857550e-01 9.918814e-01 9.983823e-01 1.001903e+00 1.008912e+00 1.027642e+00 1.036282e+00 1.063249e+00 1.086628e+00 1.099565e+00 1.175622e+00 
45 631 1.319514e+01 1.176342e+00 9.532800e-02 9.532800e-02 9.647990e-02 9.745893e-02 1.018495e-01 9.257299e-01 9.297320e-01 9.319426e-01 9.334274e-01 9.359438e-01 9.374097e-01 9.398757e-01 9.432188e-01 9.446466e-01 9.463928e-01 9.488858e-01 9.512984e-01 9.594901e-01 9.599289e-01 9.619398e-01 9.647410e-01 9.665855e-01 9.717436e-01 9.751922e-01 9.777240e-01 9.831823e-01 9.866707e-01 9.920239e-01 9.982778e-01 1.003030e+00 1.008762e+00 1.028987e+00 1.036462e+00 1.060994e+00 1.089618e+00 1.099506e+00 1.176342e+00 
46 645 1.297087e+01 1.174581e+00 9.536781e-02 9.536781e-02 9.639476e-02 9.747383e-02 1.017168e-01 9.241672e-01 9.278563e-01 9.302476e-01 9.322896e-01 9.346246e-01 9.360280e-01 9.384165e-01 9.418163e-01 9.445667e-01 9.456151e-01 9.483763e-01 9.504268e-01 9.577050e-01 9.599396e-01 9.616421e-01 9.646775e-01 9.677644e-01 9.708490e-01 9.754760e-01 9.761341e-01 9.837509e-01 9.873720e-01 9.911446e-01 9.980540e-01 1.006717e+00 1.010947e+00 1.028611e+00 1.035209e+00 1.066192e+00 1.089142e+00 1.103255e+00 1.174581e+00 
47 659 1.275000e+01 1.174695e+00 9.530005e-02 9.530005e-02 9.623603e-02 9.727715e-02 1.019510e-01 9.227599e-01 9.264262e-01 9.293369e-01 9.313515e-01 9.340118e-01 9.343711e-01 9.380113e-01 9.406124e-01 9.427078e-01 9.460270e-01 9.478404e-01 9.503300e-01 9.562009e-01 9.598648e-01 9.603144e-01 9.627510e-01 9.670420e-01 9.705036e-01 9.740967e-01 9.766172e-01 9.833426e-01 9.893706e-01 9.920594e-01 9.978978e-01 1.006843e+00 1.016336e+00 1.030586e+00 1.033597e+00 1.068188e+00 1.090442e+00 1.106962e+00 1.174695e+00 
48 673 1.285132e+01 1.173611e+00 9.523841e-02 9.523841e-02 9.616632e-02 9.712008e-02 1.019356e-01 9.217086e-01 9.248005e-01 9.281222e-01 9.302403e-01 9.320912e-01 9.327452e-01 9.367922e-01 9.396812e-01 9.437370e-01 9.461452e-01 9.485804e-01 9.494612e-01 9.554158e-01 9.582995e-01 9.598712e-01 9.618329e-01 9.675292e-01 9.719602e-01 9.753553e-01 9.803458e-01 9.842798e-01 9.878531e-01 9.914983e-01 9.969074e-01 1.009084e+00 1.016691e+00 1.029561e+00 1.034362e+00 1.072676e+00 1.090416e+00 1.112942e+00 1.173611e+00 
49 687 1.282843e+01 1.172227e+00 9.511234e-02 9.511234e-02 9.616440e-02 9.695303e-02 1.019405e-01 9.205224e-01 9.233274e-01 9.262252e-01 9.285310e-01 9.304798e-01 9.310603e-01 9.362510e-01 9.378237e-01 9.434826e-01 9.452999e-01 9.472842e-01 9.491773e-01 9.536666e-01 9.569448e-01 9.587180e-01 9.602063e-01 9.661232e-01 9.705438e-01 9.762843e-01 9.790090e-01 9.836439e-01 9.858361e-01 9.909972e-01 9.949675e-01 1.009356e+00 1.018424e+00 1.029045e+00 1.038219e+00 1.071948e+00 1.089025e+00 1.121029e+00 1.172227e+00 
50 701 1.252348e+01 1.171416e+00 9.506416e-02 9.506416e-02 9.613678e-02 9.693636e-02 1.019360e-01 9.190255e-01 9.219067e-01 9.258851e-01 9.289407e-01 9.296218e-01 9.312013e-01 9.347585e-01 9.359587e-01 9.429196e-01 9.446656e-01 9.460302e-01 9.473569e-01 9.518788e-01 9.560572e-01 9.572810e-01 9.613658e-01 9.644908e-01 9.689313e-01 9.767352e-01 9.782614e-01 9.835920e-01 9.855222e-01 9.921830e-01 9.933090e-01 1.008266e+00 1.017477e+00 1.028625e+00 1.036943e+00 1.071253e+00 1.089781e+00 1.125416e+00 1.171416e+00 
51 715 1.245834e+01 1.170135e+00 9.488872e-02 9.488872e-02 9.601354e-02 9.699544e-02 1.017583e-01 9.175134e-01 9.210075e-01 9.249295e-01 9.277086e-01 9.285244e-01 9.305521e-01 9.342515e-01 9.365467e-01 9.422548e-01 9.432748e-01 9.457084e-01 9.473766e-01 9.511087e-01 9.546137e-01 9.554813e-01 9.618112e-01 9.632552e-01 9.680603e-01 9.760309e-01 9.776345e-01 9.832240e-01 9.846168e-01 9.921086e-01 9.952902e-01 1.009273e+00 1.016448e+00 1.027760e+00 1.036857e+00 1.069962e+00 1.088769e+00 1.132261e+00 1.170135e+00 
52 729 1.245589e+01 1.169593e+00 9.472988e-02 9.472988e-02 9.592007e-02 9.688764e-02 1.017761e-01 9.154851e-01 9.195060e-01 9.238346e-01 9.261495e-01 9.266498e-01 9.315914e-01 9.338505e-01 9.369571e-01 9.415404e-01 9.430592e-01 9.449250e-01 9.459528e-01 9.503589e-01 9.554532e-01 9.572913e-01 9.610682e-01 9.623610e-01 9.675886e-01 9.748337e-01 9.807573e-01 9.824720e-01 9.846671e-01 9.902252e-01 9.997900e-01 1.011595e+00 1.018388e+00 1.025709e+00 1.035690e+00 1.069626e+00 1.088756e+00 1.137626e+00 1.169593e+00 
53 743 1.219811e+01 1.168875e+00 9.458922e-02 9.458922e-02 9.577354e-02 9.669618e-02 1.016943e-01 9.140738e-01 9.177619e-01 9.235120e-01 9.245873e-01 9.254957e-01 9.309534e-01 9.327410e-01 9.361978e-01 9.419043e-01 9.422080e-01 9.439803e-01 9.446746e-01 9.490064e-01 9.545617e-01 9.557650e-01 9.601050e-01 9.623935e-01 9.660688e-01 9.734811e-01 9.791775e-01 9.839393e-01 9.884860e-01 9.902003e-01 1.002082e+00 1.011342e+00 1.021444e+00 1.024653e+00 1.035186e+00 1.068592e+00 1.088822e+00 1.140172e+00 1.168875e+00 
54 757 1.167430e+01 1.168174e+00 9.442233e-02 9.442233e-02 9.574635e-02 9.666639e-02 1.016992e-01 9.134527e-01 9.181937e-01 9.223286e-01 9.241124e-01 9.246213e-01 9.302060e-01 9.318052e-01 9.351014e-01 9.405835e-01 9.422239e-01 9.429866e-01 9.441905e-01 9.479165e-01 9.531470e-01 9.543019e-01 9.585070e-01 9.617397e-01 9.657258e-01 9.723193e-01 9.774099e-01 9.828087e-01 9.875886e-01 9.920684e-01 1.000318e+00 1.010067e+00 1.022237e+00 1.024482e+00 1.037187e+00 1.067205e+00 1.088956e+00 1.142731e+00 1.168174e+00 
55 771 1.142423e+01 1.166255e+00 9.430628e-02 9.430628e-02 9.566009e-02 9.694296e-02 1.016546e-01 9.121496e-01 9.165542e-01 9.216606e-01 9.228889e-01 9.273262e-01 9.284470e-01 9.300432e-01 9.367260e-01 9.402622e-01 9.404585e-01 9.421731e-01 9.449764e-01 9.485661e-01 9.523583e-01 9.536584e-01 9.577731e-01 9.608630e-01 9.653714e-01 9.726065e-01 9.772882e-01 9.839293e-01 9.866131e-01 9.910793e-01 9.988075e-01 1.008274e+00 1.023173e+00 1.023916e+00 1.036691e+00 1.068597e+00 1.092474e+00 1.142643e+00 1.166255e+00 
56 785 1.124393e+01 1.164463e+00 9.423810e-02 9.423810e-02 9.548375e-02 9.697425e-02 1.015933e-01 9.101099e-01 9.154398e-01 9.206942e-01 9.228991e-01 9.267842e-01 9.284912e-01 9.317658e-01 9.353651e-01 9.383930e-01 9.399181e-01 9.403491e-01 9.465605e-01 9.472277e-01 9.516567e-01 9.552534e-01 9.573183e-01 9.632034e-01 9.658409e-01 9.717932e-01 9.759211e-01 9.824163e-01 9.847539e-01 9.909136e-01 9.980399e-01 1.008262e+00 1.023533e+00 1.027494e+00 1.040152e+00 1.067752e+00 1.091483e+00 1.145131e+00 1.164463e+00 
57 799 1.104119e+01 1.165344e+00 9.428580e-02 9.428580e-02 9.563017e-02 9.698847e-02 1.014804e-01 9.091360e-01 9.155752e-01 9.189075e-01 9.236504e-01 9.259525e-01 9.269913e-01 9.305485e-01 9.337565e-01 9.369353e-01 9.378670e-01 9.398023e-01 9.463258e-01 9.493089e-01 9.509816e-01 9.547870e-01 9.571871e-01 9.620748e-01 9.686031e-01 9.700443e-01 9.747683e-01 9.812350e-01 9.827193e-01 9.917790e-01 9.977807e-01 1.008525e+00 1.022151e+00 1.028150e+00 1.040301e+00 1.067199e+00 1.089807e+00 1.145475e+00 1.165344e+00 
58 813 1.091354e+01 1.167508e+00 9.411110e-02 9.411110e-02 9.557262e-02 9.727242e-02 1.013335e-01 9.072104e-01 9.147884e-01 9.180792e-01 9.230858e-01 9.257641e-01 9.263933e-01 9.289184e-01 9.338006e-01 9.351479e-01 9.382403e-01 9.403913e-01 9.458888e-01 9.490547e-01 9.493824e-01 9.538835e-01 9.567687e-01 9.646635e-01 9.681228e-01 9.706712e-01 9.778730e-01 9.822634e-01 9.872837e-01 9.940582e-01 9.993449e-01 1.007184e+00 1.022388e+00 1.031703e+00 1.040884e+00 1.065898e+00 1.089979e+00 1.146268e+00 1.167508e+00 
59 827 1.078021e+01 1.168245e+00 9.396655e-02 9.396655e-02 9.549115e-02 9.712421e-02 1.011390e-01 9.059002e-01 9.130171e-01 9.164549e-01 9.217188e-01 9.241689e-01 9.251350e-01 9.274102e-01 9.325058e-01 9.332045e-01 9.370013e-01 9.400178e-01 9.437633e-01 9.468221e-01 9.487280e-01 9.537432e-01 9.560057e-01 9.653969e-01 9.665032e-01 9.705274e-01 9.770380e-01 9.816593e-01 9.866398e-01 9.971532e-01 1.003476e+00 1.007570e+00 1.021730e+00 1.036279e+00 1.041265e+00 1.065742e+00 1.091801e+00 1.145885e+00 1.168245e+00 
60 841 1.063330e+01 1.168974e+00 9.380562e-02 9.380562e-02 9.538500e-02 9.708544e-02 1.010327e-01 9.045194e-01 9.111081e-01 9.154531e-01 9.201595e-01 9.234396e-01 9.250832e-01 9.268810e-01 9.315801e-01 9.328000e-01 9.355426e-01 9.395627e-01 9.437266e-01 9.459576e-01 9.506405e-01 9.530247e-01 9.557999e-01 9.640025e-01 9.647582e-01 9.698647e-01 9.789805e-01 9.822432e-01 9.875521e-01 9.978552e-01 1.004854e+00 1.009117e+00 1.020972e+00 1.039011e+00 1.045015e+00 1.064308e+00 1.091206e+00 1.145366e+00 1.168974e+00 
61 855 1.049809e+01 1.167817e+00 9.367273e-02 9.367273e-02 9.525873e-02 9.701486e-02 1.012036e-01 9.040741e-01 9.093936e-01 9.154646e-01 9.187648e-01 9.218950e-01 9.237961e-01 9.278039e-01 9.300052e-01 9.312074e-01 9.345005e-01 9.383312e-01 9.418717e-01 9.439668e-01 9.494990e-01 9.512811e-01 9.560577e-01 9.629258e-01 9.643429e-01 9.690007e-01 9.775144e-01 9.811973e-01 9.863489e-01 9.994148e-01 1.003251e+00 1.009983e+00 1.020033e+00 1.040788e+00 1.047188e+00 1.063261e+00 1.090532e+00 1.145109e+00 1.167817e+00 
62 869 1.035568e+01 1.167460e+00 9.346903e-02 9.346903e-02 9.524842e-02 9.690184e-02 1.013395e-01 9.023185e-01 9.078717e-01 9.145427e-01 9.168412e-01 9.202646e-01 9.226512e-01 9.270264e-01 9.292442e-01 9.321473e-01 9.360765e-01 9.370720e-01 9.424566e-01 9.430075e-01 9.489260e-01 9.507887e-01 9.562636e-01 9.618553e-01 9.631533e-01 9.680320e-01 9.757327e-01 9.797847e-01 9.873196e-01 1.000834e+00 1.008303e+00 1.010097e+00 1.018879e+00 1.039667e+00 1.051228e+00 1.066598e+00 1.089562e+00 1.143982e+00 1.167460e+00 
63 883 1.015327e+01 1.166192e+00 9.325673e-02 9.325673e-02 9.526597e-02 9.697097e-02 1.013109e-01 9.013707e-01 9.068293e-01 9.135180e-01 9.158051e-01 9.199852e-01 9.220649e-01 9.263979e-01 9.293810e-01 9.341744e-01 9.348550e-01 9.360329e-01 9.410372e-01 9.421922e-01 9.480178e-01 9.511328e-01 9.553999e-01 9.610453e-01 9.623378e-01 9.690165e-01 9.736107e-01 9.788832e-01 9.874390e-01 1.002417e+00 1.007370e+00 1.010866e+00 1.017082e+00 1.039623e+00 1.052943e+00 1.066427e+00 1.087818e+00 1.144784e+00 1.166192e+00 
64 897 9.774886e+00 1.165600e+00 9.311147e-02 9.311147e-02 9.520934e-02 9.680976e-02 1.011886e-01 8.995906e-01 9.049941e-01 9.126007e-01 9.143446e-01 9.184419e-01 9.222448e-01 9.248832e-01 9.290646e-01 9.331553e-01 9.342294e-01 9.346552e-01 9.417489e-01 9.421961e-01 9.463318e-01 9.504910e-01 9.540914e-01 9.598262e-01 9.630069e-01 9.715324e-01 9.754986e-01 9.784216e-01 9.869741e-01 1.001057e+00 1.005460e+00 1.011107e+00 1.015400e+00 1.040928e+00 1.052231e+00 1.066940e+00 1.085843e+00 1.145021e+00 1.165600e+00 
65 911 9.410660e+00 1.166074e+00 9.303090e-02 9.303090e-02 9.514828e-02 9.669388e-02 1.013364e-01 8.999985e-01 9.040222e-01 9.111162e-01 9.141617e-01 9.167252e-01 9.212992e-01 9.234416e-01 9.284070e-01 9.318758e-01 9.321341e-01 9.331318e-01 9.414299e-01 9.419361e-01 9.450553e-01 9.494967e-01 9.534421e-01 9.582882e-01 9.649523e-01 9.720019e-01 9.752284e-01 9.768451e-01 9.876054e-01 1.000210e+00 1.005536e+00 1.011845e+00 1.017992e+00 1.039699e+00 1.051136e+00 1.067886e+00 1.083929e+00 1.144051e+00 1.166074e+00 
66 925 9.031482e+00 1.164833e+00 9.286420e-02 9.286420e-02 9.501885e-02 9.647579e-02 1.012845e-01 8.984151e-01 9.032588e-01 9.113431e-01 9.124835e-01 9.181777e-01 9.216497e-01 9.262624e-01 9.275247e-01 9.302099e-01 9.314996e-01 9.330469e-01 9.399868e-01 9.420949e-01 9.451997e-01 9.490354e-01 9.520975e-01 9.579390e-01 9.638842e-01 9.702467e-01 9.739952e-01 9.769300e-01 9.879672e-01 9.985247e-01 1.003908e+00 1.010027e+00 1.016911e+00 1.037962e+00 1.049308e+00 1.070735e+00 1.083206e+00 1.144738e+00 1.164833e+00 
67 939 8.842978e+00 1.163342e+00 9.271022e-02 9.271022e-02 9.487318e-02 9.638777e-02 1.012269e-01 8.974252e-01 9.032335e-01 9.096598e-01 9.112668e-01 9.175504e-01 9.200682e-01 9.256822e-01 9.284287e-01 9.288934e-01 9.309229e-01 9.327152e-01 9.399575e-01 9.409370e-01 9.442890e-01 9.481444e-01 9.542122e-01 9.567206e-01 9.669608e-01 9.686746e-01 9.724234e-01 9.763746e-01 9.880030e-01 1.000921e+00 1.002475e+00 1.010563e+00 1.015730e+00 1.044041e+00 1.048533e+00 1.075045e+00 1.082438e+00 1.145789e+00 1.163342e+00 
68 953 8.745825e+00 1.163386e+00 9.250664e-02 9.250664e-02 9.500019e-02 9.637185e-02 1.013048e-01 8.957500e-01 9.032762e-01 9.086459e-01 9.102169e-01 9.162616e-01 9.183278e-01 9.241627e-01 9.272562e-01 9.275182e-01 9.295393e-01 9.336085e-01 9.382776e-01 9.407135e-01 9.446617e-01 9.465378e-01 9.541992e-01 9.551339e-01 9.688491e-01 9.704992e-01 9.713616e-01 9.747426e-01 9.858377e-01 1.001176e+00 1.001971e+00 1.011146e+00 1.016685e+00 1.042223e+00 1.047403e+00 1.078869e+00 1.081767e+00 1.146833e+00 1.163386e+00 
69 967 8.598740e+00 1.162075e+00 9.255410e-02 9.255410e-02 9.486519e-02 9.629656e-02 1.011882e-01 8.956532e-01 9.030359e-01 9.079111e-01 9.096321e-01 9.162973e-01 9.169447e-01 9.225675e-01 9.260018e-01 9.278615e-01 9.291893e-01 9.334991e-01 9.364751e-01 9.402171e-01 9.447097e-01 9.467899e-01 9.532330e-01 9.542653e-01 9.674062e-01 9.695375e-01 9.708271e-01 9.730085e-01 9.857100e-01 1.000375e+00 1.000748e+00 1.011200e+00 1.016302e+00 1.041021e+00 1.050058e+00 1.079097e+00 1.088602e+00 1.148082e+00 1.162075e+00 
70 981 8.522656e+00 1.163425e+00 9.261076e-02 9.261076e-02 9.479555e-02 9.615779e-02 1.009794e-01 8.953764e-01 9.023139e-01 9.061593e-01 9.084938e-01 9.152884e-01 9.177930e-01 9.212904e-01 9.252825e-01 9.277357e-01 9.307171e-01 9.330274e-01 9.348029e-01 9.385287e-01 9.444505e-01 9.499738e-01 9.522155e-01 9.525759e-01 9.654113e-01 9.675343e-01 9.712136e-01 9.785717e-01 9.849420e-01 9.985378e-01 1.000930e+00 1.012683e+00 1.014752e+00 1.040579e+00 1.050726e+00 1.078642e+00 1.092381e+00 1.155602e+00 1.163425e+00 
71 995 8.500583e+00 1.167414e+00 9.265127e-02 9.265127e-02 9.468945e-02 9.598023e-02 1.008067e-01 8.944309e-01 9.018767e-01 9.050211e-01 9.068507e-01 9.136148e-01 9.177954e-01 9.213717e-01 9.239234e-01 9.272296e-01 9.296695e-01 9.329965e-01 9.366947e-01 9.385503e-01 9.450737e-01 9.481117e-01 9.522904e-01 9.569906e-01 9.644952e-01 9.669331e-01 9.696276e-01 9.795508e-01 9.874725e-01 9.989689e-01 9.994552e-01 1.013091e+00 1.016376e+00 1.039414e+00 1.051505e+00 1.076876e+00 1.095086e+00 1.156457e+00 1.167414e+00 
72 1009 8.486553e+00 1.171003e+00 9.249870e-02 9.249870e-02 9.476199e-02 9.591041e-02 1.007035e-01 8.929443e-01 9.027155e-01 9.040453e-01 9.054913e-01 9.122205e-01 9.165154e-01 9.203527e-01 9.220176e-01 9.269626e-01 9.288630e-01 9.318876e-01 9.366309e-01 9.385107e-01 9.461902e-01 9.471724e-01 9.503661e-01 9.595744e-01 9.648477e-01 9.669739e-01 9.688770e-01 9.795273e-01 9.877151e-01 9.994248e-01 1.001787e+00 1.013710e+00 1.016559e+00 1.037454e+00 1.056528e+00 1.074603e+00 1.095655e+00 1.155760e+00 1.171003e+00 
73 1023 8.437162e+00 1.175083e+00 9.238729e-02 9.238729e-02 9.471921e-02 9.583213e-02 1.005751e-01 8.916171e-01 9.019419e-01 9.024732e-01 9.041809e-01 9.113139e-01 9.144794e-01 9.187810e-01 9.220707e-01 9.251842e-01 9.281408e-01 9.313585e-01 9.356961e-01 9.372770e-01 9.445661e-01 9.466637e-01 9.493271e-01 9.615892e-01 9.633905e-01 9.653569e-01 9.691196e-01 9.784671e-01 9.925525e-01 9.994826e-01 1.002020e+00 1.017840e+00 1.019100e+00 1.036435e+00 1.056256e+00 1.073579e+00 1.095808e+00 1.155757e+00 1.175083e+00 
74 1037 8.201382e+00 1.177008e+00 9.235686e-02 9.235686e-02 9.467787e-02 9.572852e-02 1.010067e-01 8.904259e-01 9.004587e-01 9.016815e-01 9.026390e-01 9.101618e-01 9.133924e-01 9.174560e-01 9.203844e-01 9.244651e-01 9.275422e-01 9.299544e-01 9.345400e-01 9.374884e-01 9.427903e-01 9.451001e-01 9.478000e-01 9.608371e-01 9.618818e-01 9.655342e-01 9.671357e-01 9.771055e-01 9.916342e-01 9.986434e-01 1.003197e+00 1.016917e+00 1.024049e+00 1.035361e+00 1.057139e+00 1.073310e+00 1.098253e+00 1.156186e+00 1.177008e+00 
75 1051 8.006564e+00 1.177122e+00 9.219075e-02 9.219075e-02 9.456933e-02 9.574347e-02 1.011520e-01 8.897696e-01 8.987603e-01 9.003881e-01 9.009184e-01 9.091808e-01 9.132206e-01 9.163786e-01 9.184648e-01 9.231218e-01 9.268241e-01 9.286676e-01 9.324614e-01 9.360876e-01 9.421714e-01 9.452147e-01 9.485037e-01 9.600378e-01 9.635890e-01 9.647150e-01 9.659194e-01 9.786192e-01 9.927019e-01 9.983237e-01 1.002928e+00 1.017670e+00 1.023763e+00 1.034828e+00 1.056784e+00 1.073053e+00 1.101475e+00 1.155847e+00 1.177122e+00 
76 1065 7.963034e+00 1.175321e+00 9.213723e-02 9.213723e-02 9.436826e-02 9.553055e-02 1.010443e-01 8.893015e-01 8.976432e-01 8.994369e-01 9.025432e-01 9.094396e-01 9.116417e-01 9.157744e-01 9.171782e-01 9.214164e-01 9.265774e-01 9.269458e-01 9.326285e-01 9.347564e-01 9.426429e-01 9.440099e-01 9.471664e-01 9.584534e-01 9.624327e-01 9.646969e-01 9.695438e-01 9.770391e-01 9.928582e-01 9.973063e-01 1.001948e+00 1.017822e+00 1.023805e+00 1.033969e+00 1.056149e+00 1.074523e+00 1.101492e+00 1.154488e+00 1.175321e+00 
77 1079 7.895666e+00 1.174269e+00 9.224480e-02 9.224480e-02 9.421734e-02 9.545317e-02 1.008765e-01 8.878732e-01 8.968471e-01 8.978997e-01 9.023514e-01 9.083153e-01 9.109890e-01 9.147093e-01 9.156712e-01 9.199744e-01 9.249095e-01 9.264964e-01 9.319071e-01 9.347281e-01 9.415547e-01 9.429837e-01 9.477834e-01 9.572287e-01 9.608556e-01 9.638112e-01 9.720719e-01 9.776044e-01 9.944650e-01 9.984975e-01 1.002724e+00 1.016682e+00 1.027281e+00 1.032850e+00 1.056859e+00 1.075932e+00 1.101053e+00 1.157346e+00 1.174269e+00 
78 1093 7.805631e+00 1.174928e+00 9.239600e-02 9.239600e-02 9.413395e-02 9.533570e-02 1.007945e-01 8.859581e-01 8.961976e-01 8.969564e-01 9.011614e-01 9.066129e-01 9.095664e-01 9.137706e-01 9.159742e-01 9.196265e-01 9.248105e-01 9.270679e-01 9.307426e-01 9.334059e-01 9.414685e-01 9.434938e-01 9.473186e-01 9.572169e-01 9.592188e-01 9.637808e-01 9.717912e-01 9.791641e-01 9.936773e-01 1.000991e+00 1.001680e+00 1.018701e+00 1.028516e+00 1.031011e+00 1.055775e+00 1.078799e+00 1.100696e+00 1.155784e+00 1.174928e+00 
79 1107 7.752660e+00 1.176575e+00 9.221075e-02 9.221075e-02 9.432223e-02 9.536497e-02 1.007479e-01 8.846272e-01 8.947003e-01 8.952140e-01 9.004378e-01 9.054904e-01 9.092451e-01 9.127677e-01 9.149540e-01 9.198931e-01 9.245658e-01 9.266680e-01 9.298113e-01 9.337913e-01 9.397947e-01 9.450476e-01 9.485508e-01 9.560704e-01 9.588922e-01 9.618277e-01 9.704002e-01 9.823519e-01 9.926992e-01 1.000704e+00 1.004263e+00 1.019564e+00 1.030333e+00 1.032139e+00 1.054603e+00 1.080299e+00 1.101747e+00 1.155259e+00 1.176575e+00 
80 1121 7.649158e+00 1.177650e+00 9.204384e-02 9.204384e-02 9.426839e-02 9.547914e-02 1.006320e-01 8.837952e-01 8.931234e-01 8.939505e-01 8.993130e-01 9.044589e-01 9.087289e-01 9.111846e-01 9.148631e-01 9.183378e-01 9.239233e-01 9.246084e-01 9.298422e-01 9.317893e-01 9.383747e-01 9.433791e-01 9.490989e-01 9.551332e-01 9.587376e-01 9.603852e-01 9.717859e-01 9.824833e-01 9.910507e-01 9.990980e-01 1.007224e+00 1.018560e+00 1.031987e+00 1.034326e+00 1.059341e+00 1.081719e+00 1.103245e+00 1.153653e+00 1.177650e+00 
81 1135 7.554748e+00 1.179391e+00 9.201951e-02 9.201951e-02 9.420912e-02 9.566149e-02 1.006518e-01 8.819703e-01 8.913373e-01 8.933444e-01 8.979708e-01 9.035328e-01 9.084489e-01 9.097465e-01 9.147331e-01 9.165264e-01 9.222224e-01 9.244220e-01 9.304896e-01 9.338462e-01 9.378631e-01 9.437826e-01 9.476377e-01 9.535166e-01 9.584079e-01 9.589064e-01 9.707824e-01 9.824434e-01 9.908105e-01 9.978328e-01 1.009416e+00 1.017125e+00 1.031094e+00 1.035178e+00 1.060480e+00 1.082793e+00 1.103744e+00 1.152401e+00 1.179391e+00 
82 1149 7.488730e+00 1.177822e+00 9.182229e-02 9.182229e-02 9.401670e-02 9.557044e-02 1.005477e-01 8.807231e-01 8.905850e-01 8.913886e-01 8.985745e-01 9.017423e-01 9.068828e-01 9.081878e-01 9.149139e-01 9.181929e-01 9.207813e-01 9.235150e-01 9.284257e-01 9.347752e-01 9.380731e-01 9.441419e-01 9.466431e-01 9.526319e-01 9.570776e-01 9.586055e-01 9.715194e-01 9.824487e-01 9.898732e-01 9.971014e-01 1.011418e+00 1.018913e+00 1.029728e+00 1.036035e+00 1.059412e+00 1.083170e+00 1.106719e+00 1.151691e+00 1.177822e+00 
83 1163 7.377636e+00 1.176175e+00 9.172346e-02 9.172346e-02 9.404686e-02 9.550076e-02 1.004986e-01 8.798820e-01 8.887867e-01 8.897759e-01 8.978404e-01 9.013323e-01 9.052119e-01 9.077416e-01 9.132240e-01 9.169622e-01 9.215970e-01 9.218550e-01 9.288590e-01 9.339953e-01 9.383731e-01 9.433366e-01 9.463907e-01 9.506590e-01 9.565983e-01 9.600099e-01 9.710638e-01 9.827997e-01 9.886515e-01 1.000354e+00 1.012902e+00 1.017688e+00 1.030537e+00 1.035701e+00 1.057951e+00 1.084827e+00 1.106519e+00 1.149888e+00 1.176175e+00 
84 1177 7.286077e+00 1.175711e+00 9.155696e-02 9.155696e-02 9.397964e-02 9.533644e-02 1.004640e-01 8.789821e-01 8.872601e-01 8.894078e-01 8.957712e-01 8.996632e-01 9.034059e-01 9.071389e-01 9.115095e-01 9.153170e-01 9.209077e-01 9.228868e-01 9.271068e-01 9.375271e-01 9.393597e-01 9.419729e-01 9.462663e-01 9.507910e-01 9.549595e-01 9.627381e-01 9.734304e-01 9.844608e-01 9.874700e-01 1.000766e+00 1.012160e+00 1.020931e+00 1.028808e+00 1.037855e+00 1.057313e+00 1.083033e+00 1.111305e+00 1.149834e+00 1.175711e+00 
85 1191 7.317888e+00 1.174296e+00 9.139736e-02 9.139736e-02 9.424357e-02 9.539184e-02 1.003581e-01 8.774553e-01 8.856316e-01 8.880438e-01 8.978562e-01 8.988032e-01 9.027610e-01 9.069225e-01 9.119113e-01 9.157645e-01 9.207062e-01 9.221717e-01 9.298135e-01 9.370267e-01 9.383839e-01 9.407388e-01 9.454048e-01 9.510292e-01 9.537407e-01 9.612975e-01 9.773308e-01 9.827255e-01 9.862688e-01 1.000539e+00 1.017482e+00 1.020962e+00 1.027203e+00 1.042083e+00 1.063628e+00 1.080938e+00 1.110036e+00 1.147689e+00 1.174296e+00 
86 1205 7.284406e+00 1.175632e+00 9.122125e-02 9.122125e-02 9.433799e-02 9.528446e-02 1.002662e-01 8.761645e-01 8.846155e-01 8.869804e-01 8.971851e-01 8.992505e-01 9.016979e-01 9.060052e-01 9.112469e-01 9.148777e-01 9.190859e-01 9.218283e-01 9.329281e-01 9.367331e-01 9.386489e-01 9.425387e-01 9.448220e-01 9.494360e-01 9.531846e-01 9.611174e-01 9.788172e-01 9.815750e-01 9.865161e-01 9.993221e-01 1.016584e+00 1.020244e+00 1.026991e+00 1.043751e+00 1.066947e+00 1.079693e+00 1.108275e+00 1.145183e+00 1.175632e+00 
87 1219 7.371308e+00 1.175012e+00 9.105560e-02 9.105560e-02 9.428177e-02 9.523804e-02 1.001793e-01 8.745458e-01 8.833204e-01 8.861635e-01 8.957275e-01 8.981806e-01 9.003873e-01 9.060849e-01 9.106613e-01 9.145853e-01 9.174331e-01 9.213503e-01 9.316804e-01 9.366737e-01 9.383885e-01 9.411699e-01 9.438164e-01 9.486770e-01 9.543674e-01 9.635931e-01 9.780395e-01 9.803249e-01 9.860215e-01 9.981579e-01 1.015285e+00 1.020485e+00 1.025093e+00 1.042715e+00 1.076091e+00 1.085767e+00 1.108389e+00 1.145190e+00 1.175012e+00 
88 1233 7.466501e+00 1.176846e+00 9.085122e-02 9.085122e-02 9.428499e-02 9.521381e-02 1.000787e-01 8.743176e-01 8.824812e-01 8.871424e-01 8.944710e-01 8.968574e-01 8.996693e-01 9.052312e-01 9.102798e-01 9.150167e-01 9.170110e-01 9.198876e-01 9.301783e-01 9.357071e-01 9.369255e-01 9.423215e-01 9.428353e-01 9.475394e-01 9.551406e-01 9.627345e-01 9.772804e-01 9.804822e-01 9.849623e-01 9.970796e-01 1.015424e+00 1.020314e+00 1.026560e+00 1.042889e+00 1.076743e+00 1.097492e+00 1.115343e+00 1.143388e+00 1.176846e+00 
89 1247 7.550827e+00 1.178550e+00 9.082467e-02 9.082467e-02 9.423834e-02 9.512284e-02 9.995999e-02 8.735857e-01 8.813143e-01 8.855596e-01 8.941649e-01 8.960084e-01 8.991186e-01 9.049637e-01 9.090960e-01 9.146480e-01 9.158750e-01 9.195200e-01 9.298663e-01 9.343495e-01 9.353063e-01 9.409578e-01 9.433366e-01 9.470180e-01 9.553957e-01 9.671109e-01 9.780926e-01 9.793454e-01 9.851508e-01 9.988266e-01 1.015856e+00 1.018754e+00 1.026739e+00 1.044275e+00 1.075688e+00 1.103504e+00 1.118842e+00 1.143924e+00 1.178550e+00 
90 1261 7.515658e+00 1.179287e+00 9.071564e-02 9.071564e-02 9.413463e-02 9.508391e-02 9.972821e-02 8.724933e-01 8.802193e-01 8.845152e-01 8.926330e-01 8.945591e-01 8.974874e-01 9.037629e-01 9.083909e-01 9.136825e-01 9.148426e-01 9.185077e-01 9.298600e-01 9.331713e-01 9.359784e-01 9.400545e-01 9.439681e-01 9.460394e-01 9.555537e-01 9.686255e-01 9.776378e-01 9.782413e-01 9.848536e-01 9.979016e-01 1.013783e+00 1.019402e+00 1.025758e+00 1.042315e+00 1.074151e+00 1.103429e+00 1.125517e+00 1.144055e+00 1.179287e+00 
91 1275 7.530339e+00 1.180710e+00 9.070727e-02 9.070727e-02 9.408366e-02 9.486388e-02 9.952514e-02 8.710290e-01 8.795924e-01 8.833983e-01 8.912553e-01 8.931872e-01 8.971174e-01 9.021556e-01 9.081199e-01 9.119803e-01 9.137476e-01 9.179187e-01 9.292921e-01 9.337502e-01 9.374433e-01 9.404143e-01 9.438949e-01 9.472722e-01 9.558357e-01 9.728410e-01 9.766169e-01 9.797586e-01 9.862774e-01 9.976254e-01 1.012963e+00 1.018836e+00 1.024500e+00 1.041028e+00 1.074358e+00 1.101940e+00 1.130823e+00 1.145726e+00 1.180710e+00 
