%  columns="iteration, evaluation, fitness, void, void, xrecentbest" (startseed=521288629, 2018/02/22 2:21:47.35)
1 15  8.004147156065389623e+00 0 0 -1.132407e+01 -8.876613e+00 -4.425404e+01 -7.020121e+00 3.553345e+00 9.444271e+00 4.330525e+01 -1.052924e+01 1.869702e+01 2.397146e+01 2.822670e+01 -2.976275e+01 6.361055e+00 7.136462e+00 -3.023290e+01 -2.226134e+01 3.246885e+01 -3.944991e+00 1.169641e+01 2.639613e+00 -1.906396e+01 -1.678720e+01 1.330960e+01 -2.849711e+01 2.343545e+01 1.706882e+01 -2.465143e+01 -7.968206e+00 -3.563331e+01 -6.606962e+01 2.959012e+01 -1.555905e+01 9.821027e-01 7.021710e-01 6.439842e-02 -3.011833e+00 
2 29  8.000328013861858878e+00 0 0 -3.129277e+01 -2.801247e+01 -5.811350e+01 -9.816399e+00 -3.898408e+01 -2.408249e+01 1.675899e+01 7.944211e+01 -2.377956e+01 2.619338e+01 2.929913e+01 -3.013559e+01 -3.213828e+01 -7.931262e+00 3.183626e+00 -2.626138e+01 1.541360e+01 -1.022014e+01 -1.096016e+01 -5.253676e+00 1.618781e+01 -3.819581e+01 3.444577e+01 -3.660185e+01 5.169955e+00 3.837888e+01 -1.480697e+01 -8.028876e+01 5.883571e+00 -4.040438e+01 -2.118213e+00 8.587083e+00 -2.252168e-01 1.294162e-01 -2.655869e-01 -4.254184e+00 
3 43  8.000563583054288941e+00 0 0 -2.356538e+00 -1.402004e+01 -4.209665e+01 6.629924e+01 -5.504137e+01 -6.142718e+00 -1.517818e+01 3.260438e+00 5.355341e+00 -2.063729e+01 2.093627e+01 -3.208909e+01 -4.377422e+01 -1.910563e+00 4.060994e+01 -3.311629e+01 6.329486e+00 -5.391657e+01 -2.948611e+00 -1.151318e+01 -9.962724e+00 -4.245094e+01 -2.656368e+01 8.102747e+00 -4.645317e+00 5.817441e+01 3.244467e+01 -4.256473e+01 6.079751e+00 -1.156112e+01 -2.465953e+01 -5.872864e+00 3.546547e+00 -2.566958e+00 -5.558046e-02 -5.078393e+00 
4 57  8.001407642198318015e+00 0 0 4.191931e-01 -3.990971e+01 -1.937132e+01 4.129794e+01 -1.551798e+01 2.037847e+01 1.356187e+01 3.592625e+01 1.788131e+01 2.837549e+01 6.018933e+01 -1.578524e+01 -1.007563e+01 -1.120465e+01 -3.679541e+01 -3.765220e+01 -4.401337e+01 -8.877797e+01 -1.534309e+01 -4.246799e+01 -3.881130e+01 -4.949539e+01 -3.755933e+01 2.130081e+01 -1.840418e+01 1.044505e+01 -2.493195e+01 -6.230359e+01 1.987170e+01 7.675773e+00 1.009350e+01 -4.135233e+01 3.311172e+00 -2.422887e+00 -1.842598e+00 -2.038079e+00 
5 71  8.007478364126978221e+00 0 0 -3.728700e+01 1.392410e+01 1.836396e+01 2.291376e+01 4.248966e+01 -3.244712e+00 2.234670e+01 3.954288e+01 -1.927062e+01 -5.580593e+01 2.547584e+01 1.063568e+01 -9.507140e+00 -2.774223e+01 -1.225852e+01 -2.877873e+01 -3.519960e+00 3.749886e+01 -3.850827e+00 -5.350604e+00 9.897566e+00 -3.984117e+01 1.870138e+01 2.619860e+01 1.185546e+01 3.246095e+01 -2.558304e+00 -3.100957e+01 -3.608703e+01 3.268002e+00 2.671378e+01 -5.949084e+00 -5.380143e+00 -2.675592e+00 -8.647754e-02 1.386523e-01 
6 85  8.001956015720326221e+00 0 0 -3.647478e+01 1.012588e+01 4.740970e+01 2.482896e+01 -3.044044e+00 -3.061941e+01 4.654020e+01 3.938342e+01 -3.105368e+01 -2.764559e+01 6.179857e+01 1.584148e+01 -4.907993e+01 8.312506e+00 2.716440e+01 -3.754636e+01 -5.289798e+00 -2.652306e+01 2.619835e+01 -2.624936e+00 -8.189816e+00 2.637570e+01 1.470057e+01 4.424304e+00 1.865121e+01 4.398636e+01 -1.052757e+01 -4.320797e+01 -5.139905e+01 -9.942200e+00 -5.625003e+01 9.270312e-01 8.492889e-01 -1.518590e+00 -1.470416e+00 -4.422687e-02 
7 99  8.002360120818666545e+00 0 0 -8.220045e+00 -6.808810e+00 5.030015e+01 1.549206e+01 -2.108358e+01 2.020251e+01 2.450694e+01 4.220297e+01 -1.652472e+01 3.381831e+00 6.729525e+01 4.247033e+01 -4.723086e+01 -4.838219e+01 -2.927058e+01 -1.929215e+01 2.902853e+01 8.842477e+00 2.482979e+01 -2.356914e+01 1.474520e+01 -1.426391e+01 2.739092e+01 1.798549e+01 3.069164e+01 2.557884e+01 -2.745015e+01 -3.195457e+01 -6.547774e+01 3.318949e+00 -8.865670e+01 3.229266e+01 2.018484e+00 -1.521011e+00 6.799457e-01 -1.632032e+00 
8 113  8.000013020368472283e+00 0 0 2.872272e+01 2.611716e+01 -1.023908e+01 1.111743e+01 4.595993e+00 -2.570508e+01 3.872504e+01 3.806431e+01 -2.655961e+01 1.015569e+01 8.901646e+01 -2.665121e-01 -9.360546e+00 -3.146145e+01 4.514323e+00 -1.302069e+01 1.875467e+01 6.959453e+00 1.720627e+01 2.910672e+01 -4.080002e+01 1.499129e+01 -2.499724e+01 1.595552e+01 -1.299379e+01 7.128061e+01 -1.954972e+01 1.952798e+01 2.403530e+01 1.679190e+01 -2.603480e+01 -1.804095e+01 -4.935075e-01 3.577183e-01 4.217778e+00 1.036060e+00 
9 127  8.001150930348941870e+00 0 0 4.611297e+01 -6.469028e+00 3.284691e+01 4.651794e+01 -5.016825e+01 -1.668429e+01 1.513216e+01 6.337428e+01 5.493855e+00 -1.065713e+01 7.266895e+01 -1.151382e+00 2.887668e+01 -5.572848e+01 -1.251953e+01 3.223268e+01 4.634179e+01 2.292538e+01 1.408928e+01 1.882752e+00 -2.579829e+01 2.569379e+01 -3.074053e+01 8.237620e+01 1.221847e+01 6.559490e+01 4.927366e+00 5.351790e+01 -7.856018e+00 4.815293e+01 6.931632e+00 -1.838784e+01 3.334820e-01 1.158858e+00 3.392536e-02 -2.637458e-01 
10 141  8.000081566825652857e+00 0 0 4.184853e+01 3.436188e+01 3.929421e+00 -3.404459e+00 -6.893487e+01 7.390066e+00 7.090365e+01 1.046940e+01 3.777437e+00 -3.638553e+01 4.276902e+01 -2.369240e+01 1.230702e+00 -2.282164e+01 1.689257e+01 -1.370310e+01 3.614767e+01 4.280884e+01 5.868427e+01 4.623796e+01 -1.656298e+01 3.816916e+01 5.306470e+01 -4.204126e+00 -1.642943e+01 6.284959e+01 8.527205e+00 4.850448e+01 2.825918e+01 4.856878e+01 2.572296e+01 -2.643486e+01 -1.107283e+00 7.732849e-01 4.952773e+00 1.042574e-01 
11 155  8.002282026083511468e+00 0 0 2.754649e+01 2.905918e+01 6.725718e+00 -1.274944e+01 -2.513111e+01 3.600249e+01 3.594411e+01 -1.711049e+01 1.106611e+01 -1.482010e+01 8.660635e+01 3.697100e+01 3.279783e+01 -3.237338e+01 -1.495124e+01 1.220965e+01 -1.738786e+01 2.126175e+01 -5.559329e+00 5.208553e+01 -3.128469e+01 3.612134e+01 3.281244e+00 5.300020e+01 -8.675340e+00 5.582239e+01 -1.822505e+01 2.430623e+01 3.827511e+00 5.409484e+01 -2.677006e+01 -2.289954e+01 -5.559232e-02 1.213989e-01 3.055640e+00 2.384574e+00 
12 169  8.003705826611128060e+00 0 0 2.381450e+01 -1.441215e+01 3.435967e+01 -1.952924e+01 -1.009036e+01 6.278290e+00 3.935228e+01 -3.447164e+01 -1.307579e+01 3.103100e+01 7.603065e+01 1.561199e+01 -2.336729e+01 -1.972067e+01 -1.021822e+01 1.556752e+01 -2.252863e+01 4.447271e+01 1.075664e+00 2.811398e+01 5.650945e+00 3.147316e+01 7.898178e+01 2.108937e+01 -9.108126e+00 6.059658e+01 -6.101548e+00 1.234328e+01 3.931253e+00 8.618524e+00 5.257501e+00 1.203060e+01 3.320142e+00 6.087550e-02 3.199692e+00 5.405504e-01 
13 183  8.000010902603918339e+00 0 0 2.877100e+00 6.673382e+00 3.991991e+01 -1.828294e+01 1.328605e+01 4.537355e+00 3.840406e+01 2.206138e+00 -9.859646e-01 5.208220e+01 7.684770e+01 8.269567e+00 -1.908388e+01 -1.462759e+01 4.164036e+01 -3.700390e-01 -3.701443e+01 1.054656e+01 1.202953e+01 5.300616e+01 -4.372314e+00 1.030440e+01 -1.022871e+01 5.044702e+01 4.341540e+00 5.938544e+01 -6.722861e+00 1.525610e+01 3.020300e+01 3.918913e+01 3.117638e+01 1.395575e+00 2.920582e+00 3.270857e+00 6.081871e+00 -1.439044e+00 
14 197  8.000050744009215009e+00 0 0 -8.860120e+00 -1.968817e+01 1.490206e+01 -3.408439e+01 -3.512094e+00 -1.720119e+01 4.224991e+01 4.458019e+00 3.800844e+01 5.914877e+01 5.492231e+01 3.083003e+01 -2.361092e+01 -4.559357e+01 5.120503e+01 1.434591e-01 -3.046407e+01 9.602052e+00 7.348752e+00 1.311140e+01 5.107775e+00 2.121710e+01 -2.854307e+01 2.495471e+01 -2.294701e+01 8.026077e+01 1.966146e+01 3.453140e+01 -3.089085e+00 4.417771e+01 2.718373e+01 1.440419e+01 1.089522e+00 1.479061e-01 4.061298e+00 -1.163154e+00 
15 211  8.000011477363978329e+00 0 0 2.443360e+01 1.418141e+01 2.434021e+01 -5.930601e+01 2.607415e+01 2.476772e+01 4.179934e+01 -2.762480e+01 -6.456110e-01 3.861295e+01 4.941946e+01 5.204831e+01 -4.391137e+00 -3.398296e+01 2.460538e+01 2.793165e+01 -1.652549e+00 -1.258911e+01 8.583852e+00 6.002115e+01 1.595965e+01 2.039250e+01 1.568027e+01 4.643563e+01 -9.382399e+00 8.498842e+01 1.926378e+01 -2.191735e+01 -2.081740e+01 6.187737e+01 1.570075e+00 4.279499e+00 1.380313e+00 -1.674611e-01 2.778894e+00 -8.065207e-01 
16 225  8.000604156862396010e+00 0 0 8.600466e+00 1.827866e+01 -1.607835e+01 -4.360143e+01 -7.004894e+01 -5.139225e+00 1.756533e+01 -1.490889e+00 -1.696368e+01 6.808218e+01 5.461252e+01 5.922659e+01 2.869894e+01 -6.753167e+00 1.145318e+01 9.240545e+01 -2.658977e+01 5.540220e+01 1.520536e+01 3.265589e+01 -4.038233e+00 6.420252e+01 -1.794914e+01 5.696846e+01 5.400202e+00 6.333582e+01 6.129378e+01 -6.572716e+00 -1.246069e+01 9.089997e+01 6.423229e+00 1.619880e+01 2.087780e+00 -1.683743e+00 6.564688e+00 -2.457960e-02 
17 239  8.001726107791940379e+00 0 0 6.418471e+01 2.803012e+01 1.891889e+01 -1.684415e+01 3.389728e+01 5.111578e+00 2.264923e+01 8.332391e+00 4.225206e+00 3.059383e+01 5.055733e+01 1.121854e+01 -2.996205e+01 -5.614804e+01 5.933142e+01 2.696899e+01 -2.781711e+01 4.325153e+01 2.337455e+01 4.308586e+01 1.674934e+01 1.481428e+01 -2.657445e+01 1.519635e+01 2.505626e+01 9.599172e+01 -4.079090e+01 1.524700e+00 2.831589e+01 1.037729e+02 1.544262e+01 3.335823e+00 -4.154645e-02 -1.417086e+00 2.238704e+00 -3.291143e+00 
18 253  8.000158906177327722e+00 0 0 -4.237462e+00 -5.372699e+00 1.803170e+01 1.123523e+01 -8.762986e+00 1.459563e+00 2.722586e+01 2.697283e+01 -7.790270e-01 6.612937e+01 3.864362e+01 2.288726e+01 -4.220061e+00 -9.824377e+00 2.356110e+01 4.380589e+01 4.680876e+01 6.611358e+00 1.530316e+01 2.919520e+01 -2.656820e+01 4.012830e+00 -3.776132e+00 6.777060e+01 5.237607e+01 6.341756e+01 -3.078753e+00 3.178854e+01 3.083437e+00 7.105205e+01 1.949621e+01 -1.217881e+01 1.328614e+00 5.203949e-01 -1.328368e-01 2.210005e-02 
19 267  8.000154529307083706e+00 0 0 5.436764e+00 5.496280e+00 -1.471258e+01 2.218537e+01 -1.333266e+01 4.303876e+01 -1.847879e+00 1.558427e+01 1.296126e+01 4.931041e+01 6.839253e+01 1.561434e+01 -2.614734e-02 -2.837480e+01 2.921725e+01 3.494647e+01 3.984375e+01 2.315912e+01 2.662741e+01 3.016539e+01 2.847383e+01 8.218480e+00 3.229406e+01 4.737846e+01 -1.513462e+00 7.921038e+01 -1.019858e+01 4.799350e+01 -1.932804e+01 8.844410e+01 1.041467e+00 7.752044e+00 2.487990e+00 -7.194444e-01 3.636957e+00 -2.151517e-01 
20 281  8.000000047207828757e+00 0 0 9.593031e+00 5.916395e-01 4.599557e+00 1.369414e+01 -1.260281e+01 2.292299e+01 7.412010e+00 2.672898e+01 5.708008e+00 5.894524e+01 3.925385e+01 -1.890898e+01 -2.943930e+01 -1.366891e+01 3.302369e+01 5.290625e+01 8.532766e-01 3.546578e+01 2.495106e+01 6.509028e+01 3.301859e+01 1.734482e+01 1.581486e+01 3.562918e+01 2.953544e+01 6.858274e+01 4.134909e+00 1.827816e+01 -1.655598e+01 5.578614e+01 2.028835e+01 -7.016756e+00 1.495014e+00 2.172736e-04 1.003959e+00 -3.567346e+00 
21 295  8.000219664823596588e+00 0 0 2.339013e+00 3.587189e+01 1.122461e+01 3.678196e+01 2.185064e+01 6.193551e+01 -2.981245e+01 3.524981e+01 3.501601e-01 4.343505e+01 9.222484e+01 5.826698e+00 8.225509e+00 -2.635781e+01 4.161730e+01 1.807622e+01 1.105409e+01 3.193170e+01 7.878255e+00 6.908091e+01 3.745452e+01 1.193619e+01 -6.499763e+00 3.289060e+01 1.757205e+01 7.391106e+01 -1.054926e+01 1.025844e+01 5.461442e+00 8.366581e+01 4.477893e+01 2.637678e+01 1.762537e+00 -9.315402e-01 4.701563e+00 -6.974032e-02 
22 309  8.000171991306181951e+00 0 0 2.136271e+01 1.818989e+00 -8.920046e+00 2.636245e+01 1.508906e+01 5.082023e+01 -2.664485e+01 -5.678158e-01 6.605835e+00 3.557428e+01 6.580919e+01 1.938908e+01 -3.652891e+01 -3.075266e+01 -1.199145e+01 3.582268e+01 1.349098e+01 2.351432e+01 2.579099e+01 6.181626e+01 2.434028e+01 -2.907581e+01 9.313117e+00 5.782505e+01 2.102182e+01 9.784868e+01 1.704670e+00 4.193775e+01 -8.730760e+00 9.412917e+01 1.013370e+01 -3.941834e+00 -3.029917e-01 -1.531543e-02 3.492685e+00 -1.025098e+00 
23 323  8.000003722159521047e+00 0 0 3.816708e+01 3.536731e+01 3.756578e+01 6.758553e+01 -1.641421e+01 1.484851e+01 -4.186969e+00 4.559307e+00 -8.002213e+00 4.688879e+01 4.705384e+01 -7.415105e-01 -5.873258e+00 -4.892287e+00 2.405802e+01 1.466439e+01 3.001529e+01 -1.089335e+01 3.419290e+01 4.955924e+01 1.253723e+00 -1.253520e+01 -2.592276e+01 6.313870e+01 1.330937e+01 8.007216e+01 -3.574238e+00 2.239577e+01 1.159090e+01 5.307172e+01 1.720085e+01 8.216871e+00 -1.929290e-03 -2.369206e+00 6.624699e+00 6.928027e-01 
24 337  8.000766842332616591e+00 0 0 4.311193e+01 1.786346e+01 3.412488e+01 6.482668e+01 1.216776e+01 5.094488e+01 -1.602760e+00 1.896785e+01 4.396169e+00 3.697315e+01 6.058969e+01 9.195661e+00 -9.132143e+00 -4.006421e+00 7.385327e+00 4.076828e+01 9.673759e+00 1.689882e+01 2.700681e+01 4.012150e+01 -4.213144e-02 -8.709953e+00 -2.199004e+01 7.473517e+01 2.867777e+01 9.230057e+01 -3.951617e+01 4.620682e+01 2.763480e+01 6.542356e+01 5.042656e+00 1.576795e+01 4.100588e-01 -5.161147e-01 2.720830e+00 2.368020e+00 
25 351  8.001958667865370245e+00 0 0 3.164492e+01 -9.816094e+00 3.115551e+01 4.337826e+01 -2.410090e+00 3.377031e+01 -8.378937e+00 2.716697e+01 -6.551837e+00 4.790056e+01 5.497776e+01 -1.003935e+01 9.462365e+00 -8.925978e+00 1.595623e+01 5.449654e+01 2.637806e+01 1.741015e+01 3.899117e+01 2.714603e+01 -2.091170e+01 -3.248862e+01 -3.998572e+00 4.285081e+01 -4.161400e+00 1.011794e+02 -2.383638e+01 4.445884e+01 3.624967e+01 7.218464e+01 1.490739e+01 4.666107e+00 1.857255e-01 -4.425684e-02 6.050775e+00 2.742933e+00 
26 365  8.000001612935148998e+00 0 0 -8.798579e+00 1.388946e+01 1.968310e+01 2.438535e+01 -2.587969e+00 3.513776e+01 2.071904e+00 -1.420148e+01 -3.365379e+01 5.459840e+01 3.333684e+01 -2.186793e+00 1.372469e+00 -1.837901e+01 2.719286e+01 4.440106e+01 1.871373e+01 1.906868e+01 3.023741e+01 3.627232e+01 3.155585e+01 -2.630614e+01 2.111587e+01 2.507581e+01 8.975111e+00 1.055510e+02 -3.428672e+00 1.075480e+01 7.537063e+00 7.384136e+01 3.764976e+01 8.261424e-01 1.506994e+00 -1.392252e-01 6.819367e-01 1.685523e+00 
27 379  8.000002122391300929e+00 0 0 2.071877e+01 2.782895e+00 -1.630177e+00 1.673980e+01 -8.409032e-01 2.881499e+01 -1.188697e+01 2.984451e+01 2.054980e+01 8.789100e+01 8.189195e+01 2.040453e+01 -1.857831e+00 -3.517646e+00 1.139828e+01 5.346128e+01 4.464194e+01 4.600329e+00 2.059297e+01 5.372383e+01 -2.250183e+00 -2.350297e+01 -7.063045e+00 4.208761e+01 2.009137e+01 1.003008e+02 1.416192e+01 3.036666e+01 2.313612e+01 6.421870e+01 9.535252e-01 7.461115e+00 2.397980e+00 -1.710644e+00 1.552917e+00 2.695946e+00 
28 393  8.008381896297214197e+00 0 0 2.046976e+01 -3.384257e+00 2.822114e+01 4.869568e+01 -1.189499e+01 5.907300e+01 1.514054e+01 2.071729e+01 -3.073888e+00 5.848947e+01 4.451541e+01 1.981061e+01 5.722685e+00 6.296271e+00 3.961863e+01 3.708724e+01 3.466877e+01 1.186679e+01 2.650996e+01 6.519427e+01 1.186123e+01 -2.865423e+01 1.942903e+01 5.151701e+01 1.685124e+01 9.362763e+01 -2.503233e+00 5.948503e+01 2.230405e+01 5.642522e+01 2.118421e+01 3.118422e+00 -9.155270e-02 -1.000469e+00 -3.256309e-01 -1.282548e+00 
29 407  8.001721060560271326e+00 0 0 4.338334e+01 -3.767866e+00 4.272334e-02 4.520961e+01 9.162110e+00 3.417565e+01 -5.034064e+00 4.024168e+01 7.440367e+00 7.003259e+01 2.264542e+01 -1.936990e+00 -2.667287e+00 3.672358e+00 5.370595e+01 1.690077e+01 3.434326e+01 3.646565e+01 3.749355e+01 7.753495e+01 1.670174e+01 -3.501631e+01 3.114718e+00 4.958636e+01 6.755858e-01 8.695793e+01 7.580262e+00 1.275833e+01 2.467453e+01 3.256192e+01 1.135500e+01 -2.658325e+00 6.354286e-01 -9.953662e-01 9.216521e-01 -2.125830e-01 
30 421  8.000014568212629129e+00 0 0 4.410254e+01 -5.904440e+00 1.203115e+01 3.433605e+01 2.663600e+00 5.227575e+01 -3.633509e+00 3.454628e+01 1.981530e+01 6.298175e+01 3.819994e+01 -6.458879e+00 1.771912e+01 1.535663e+00 4.914083e+01 2.339281e+01 1.277475e+01 2.841320e+01 4.998084e+01 8.793013e+01 1.179884e+01 -2.042884e+00 1.721339e+01 6.598123e+01 3.814354e+01 1.082084e+02 3.335866e+00 4.465524e+01 9.716973e+00 7.475574e+01 7.242451e+00 9.369285e+00 -1.831313e+00 2.041590e-01 -1.033793e+00 -1.522257e+00 
31 435  8.013005726514759175e+00 0 0 3.820731e+01 7.190499e+00 9.394459e+00 4.513583e+01 3.306710e+01 4.536261e+01 -2.511400e+01 2.109454e+01 3.724618e+01 3.248715e+01 8.840135e+00 6.415239e+00 -4.950198e+00 1.721346e+01 6.020908e+01 -3.271898e+00 3.614728e+01 1.921639e+01 4.120151e+01 8.904635e+01 2.886288e+01 -2.617086e+01 -2.149961e+01 6.483699e+01 2.297738e+01 1.167313e+02 5.829235e+00 4.432770e+01 1.814492e+00 5.957463e+01 -3.085872e+00 1.712984e+01 -2.926515e+00 -2.689462e-01 2.010749e+00 -1.591191e+00 
32 449  8.000144519570689283e+00 0 0 1.171627e+01 -6.572225e+00 3.872452e+01 2.362434e+01 -1.466259e-01 3.246937e+01 2.619360e+01 4.925568e+01 1.005806e+01 4.983728e+01 1.630778e+01 -8.243130e-01 4.189496e+01 3.657751e+01 5.891646e+01 5.266503e+01 3.535051e+01 1.325480e+01 5.140449e+01 9.141379e+01 3.180987e+01 1.150091e+01 3.266681e+01 4.245134e+01 3.641979e+01 1.372405e+02 2.538191e+01 4.033662e+01 1.989241e+01 5.272576e+01 1.454096e+01 8.315716e+00 9.820432e-02 -4.936878e-02 -1.183662e+00 -2.356499e+00 
33 463  8.001292545779136844e+00 0 0 4.209028e+01 7.041659e+00 2.626143e+01 3.788487e+01 -5.958472e+00 3.946653e+01 3.864339e+01 5.752986e+01 2.506484e+01 6.005286e+01 1.141308e+01 1.239871e+01 3.933429e+01 4.694364e+01 5.926801e+01 2.534967e+01 4.843776e+01 1.748304e+01 5.460453e+01 7.301277e+01 1.161923e+01 3.381186e+01 2.183283e+01 5.633415e+01 3.253497e+01 1.054710e+02 1.599137e+01 7.950164e+01 2.921693e+01 1.896813e+01 1.711136e+01 -2.192383e+01 -2.571964e+00 1.893646e+00 -1.368554e+00 7.016243e-01 
34 477  8.001884145981772889e+00 0 0 2.335399e+01 1.258855e+01 5.405305e+01 6.061124e+01 4.252187e+00 4.875690e+01 2.590600e+01 5.805162e+01 1.340929e+01 6.896374e+01 1.675395e+01 2.405284e+01 3.437521e+01 2.762319e+01 4.832438e+01 2.785794e+01 1.421769e+01 1.191293e+01 5.673771e+01 4.276065e+01 3.163830e+01 1.347802e+01 1.820461e+01 3.503420e+01 2.618718e+01 1.298764e+02 4.027719e+00 6.243371e+01 2.874667e+01 7.188680e+01 2.248277e+01 -8.118148e+00 -1.376936e+00 -1.487492e-01 9.950360e-01 2.117765e+00 
35 491  8.002457257248094535e+00 0 0 1.899103e+01 2.612669e+00 2.687699e+01 2.913401e+01 -2.201755e+01 4.434961e+01 1.515487e+01 4.097997e+01 3.274249e+01 6.023088e+01 1.158152e+01 1.462248e+01 2.820883e+01 1.017431e+01 7.803186e+01 3.646170e+01 3.006061e+01 -1.068144e+01 3.856748e+01 6.314575e+01 4.119803e+01 5.273366e+00 2.722833e+00 3.725472e+01 2.686870e+01 1.017246e+02 2.120247e+01 5.362082e+01 2.344122e+01 5.289434e+01 8.591457e+00 -1.927119e+01 -3.839463e+00 1.014117e+00 -1.808509e+00 4.581640e-01 
36 505  8.000018063021418158e+00 0 0 2.589919e+01 -1.925381e+00 3.722765e+01 2.638227e+01 -2.460284e+00 4.337890e+01 6.403627e+00 4.880325e+01 2.112047e+01 3.774958e+01 8.985206e+00 3.632007e+01 2.455725e+01 2.761001e+01 6.421092e+01 5.823843e+01 3.659524e+01 -7.690275e+00 5.019570e+00 5.882870e+01 3.330963e+01 2.570867e+01 -1.134063e+01 5.932002e+01 3.553146e+01 9.774942e+01 2.710157e+01 4.717432e+01 3.682696e+01 4.135975e+01 7.362376e+00 -2.861311e+01 -1.648745e+00 1.181726e+00 -3.629258e+00 2.796371e+00 
37 519  8.000131851348582401e+00 0 0 1.750915e+01 2.080599e+01 8.039790e+01 -9.916546e-01 -2.325270e+01 5.821947e+01 -7.902637e+00 5.394252e+01 1.179961e+01 3.342627e+01 2.896720e+01 3.180363e+01 7.552542e+00 4.098416e+01 5.657658e+01 5.811264e+01 5.320923e+01 2.576736e+01 2.883461e+01 4.843478e+01 2.259085e+01 -1.032936e+01 -4.070912e+00 7.058930e+01 4.579882e+01 1.196013e+02 5.042856e+00 5.007043e+01 4.792938e+01 6.717290e+01 7.973351e+00 1.118272e+01 -1.148265e-02 1.589335e+00 -1.541670e+00 1.329988e+00 
38 533  8.000151798869371333e+00 0 0 3.758865e+01 1.548397e+01 4.507001e+01 1.324179e+01 -3.680682e+01 7.391007e+01 5.925320e+00 4.944117e+01 3.525525e+01 7.506274e+01 2.380611e+01 2.225411e+01 4.148477e+01 1.927504e+01 4.330525e+01 4.985801e+01 5.768048e+01 1.189638e+01 4.134431e+01 6.407504e+01 4.016389e+01 2.255013e+01 1.055722e+01 4.683637e+01 2.443499e+01 8.426172e+01 8.886555e+00 5.738859e+01 3.512832e+01 6.607566e+01 1.286247e+01 3.361892e-02 -3.347881e+00 2.363695e+00 -5.297118e+00 -1.781082e+00 
39 547  8.001029575558398221e+00 0 0 1.794764e+01 4.923936e+01 4.358742e+01 1.423013e+01 -3.416896e+01 7.948336e+01 1.369900e+01 7.048895e+01 2.393921e+01 7.635382e+01 1.640681e+01 1.920830e+01 6.694979e+00 3.809047e+01 4.377436e+01 5.160110e+01 6.649864e+01 1.583934e+01 3.100007e+01 5.581563e+01 3.472144e+01 8.669209e+00 2.031084e+01 3.841525e+01 6.527975e+00 1.149833e+02 4.396330e+01 4.271423e+01 4.643407e+01 6.997875e+01 1.510374e+01 8.441064e+00 -3.151371e+00 5.756341e-01 -3.041754e+00 -1.702261e+00 
40 561  8.000000062805426637e+00 0 0 1.249025e+01 5.180124e+01 3.598543e+01 3.794843e+00 -4.728921e+01 7.766649e+01 1.187007e+00 5.814640e+01 2.804614e+01 7.021741e+01 3.068393e+01 2.162750e+01 1.455087e+01 8.201303e+00 1.732158e+01 3.065981e+01 3.633823e+01 3.849949e+01 3.567640e+01 6.573675e+01 3.826936e+01 1.515698e+01 8.968416e+00 2.634922e+01 2.946434e+01 1.072950e+02 8.041115e-01 3.373105e+01 2.878152e+01 9.134747e+01 3.239843e+01 -6.429451e+00 -4.560602e+00 3.249077e+00 -1.387475e+00 -2.264296e-01 
41 575  8.000006636822879713e+00 0 0 2.873368e+01 5.127434e+01 3.929589e+01 3.375123e+00 -2.976872e+01 1.053666e+02 9.487962e+00 6.865799e+01 3.202660e+01 5.138417e+01 3.790294e+01 1.567395e+01 2.413584e+01 -6.538708e+00 -9.934466e-01 4.162199e+01 2.606978e+01 1.017842e+01 1.555646e+01 5.957410e+01 4.657410e+01 1.081272e+01 1.509068e+01 3.419141e+01 4.700291e+01 8.157406e+01 3.886133e+01 3.955428e+01 3.174710e+01 9.744546e+01 1.367502e+00 -5.997182e+00 -2.992143e+00 1.393959e-01 -6.750068e-01 -9.244289e-01 
42 589  8.000385805279925933e+00 0 0 3.105867e+01 1.349787e+01 2.168398e+01 -8.523612e+00 -2.819975e+01 1.219195e+02 1.509864e+01 6.548824e+01 3.759567e+01 8.030287e+01 -6.015087e+00 1.883609e+01 1.864794e+01 1.441313e+01 3.211660e+01 3.789826e+01 3.642938e+01 8.269008e+00 1.068946e+01 3.938412e+01 8.470504e+01 4.952426e+00 3.112015e+01 2.622900e+01 4.046698e+01 1.127026e+02 3.138643e+01 5.453749e+01 2.653833e+01 5.498231e+01 1.913940e+01 1.874532e+01 -7.607262e-01 1.401943e+00 1.063543e+00 -3.323139e-01 
43 603  8.003787894319501106e+00 0 0 6.228430e+01 1.827843e+01 6.636245e+01 -2.164462e+01 -7.409109e+00 9.222665e+01 1.401010e+01 4.910731e+01 1.757950e+01 6.907336e+01 1.428410e+01 -9.300778e+00 4.251079e+00 -2.012695e+01 4.399854e+01 2.114619e+01 5.617994e+01 -2.029333e+01 5.914346e+00 2.697116e+01 4.926325e+01 -4.805425e+00 -1.390032e+00 2.467387e+01 1.825179e+01 9.530735e+01 3.158560e+01 4.954377e+01 2.079889e+01 8.474131e+01 3.871376e-01 1.757179e+01 1.248697e-01 1.274236e+00 -1.283260e+00 6.154587e-02 
44 617  8.000004377522298427e+00 0 0 2.012551e+01 4.747461e+01 3.639207e+01 -7.914243e+00 1.386378e-01 1.177024e+02 9.677539e+00 3.907829e+01 1.643731e+01 8.568228e+01 3.671016e+01 1.596589e+01 1.962424e+01 -3.529690e+00 1.990183e+01 6.124192e+01 4.766429e+01 2.046889e+01 5.542900e+00 4.994696e+01 4.658200e+01 2.020838e+01 9.002213e-01 1.522457e+01 1.689764e+01 1.022742e+02 1.437986e+01 4.726828e+01 4.286849e+01 7.504594e+01 1.641001e+01 3.177032e+01 -1.284430e+00 9.185192e-01 2.667958e-03 4.555317e-01 
45 631  8.001187248507589445e+00 0 0 5.497710e+01 2.692512e+01 2.861179e+01 5.939548e+00 4.796718e-01 1.005609e+02 2.050987e+01 5.372317e+01 5.855847e+00 7.037118e+01 3.692529e+01 3.224876e+01 3.341903e+01 1.214674e+01 4.739750e+01 6.119138e+01 5.559107e+01 3.236275e+01 -4.250417e+00 6.177415e+01 5.580993e+01 6.431335e+00 8.698422e+00 -4.535848e+00 2.472916e+01 7.483288e+01 3.271733e+01 5.091385e+01 3.573351e+01 7.631903e+01 2.524012e+01 3.063936e+01 -3.445647e-02 9.333170e-01 -2.117363e+00 7.513322e-02 
46 645  8.000139171204258659e+00 0 0 6.421460e+01 4.337996e+01 3.280192e+01 -3.605700e+00 6.448484e+00 8.022184e+01 3.206345e+01 2.967724e+00 1.507433e+01 7.446809e+01 5.196771e+01 1.549948e+01 4.726109e+01 2.821952e+01 2.010821e+01 4.448465e+01 3.361053e+01 2.459578e+01 6.671009e+00 8.413379e+01 4.593462e+01 1.182099e+01 2.622157e+01 -9.806076e+00 3.364342e+01 8.078231e+01 2.047180e+01 4.310164e+01 3.505353e+01 1.034480e+02 3.456311e+01 2.527805e+01 5.117220e-01 2.647729e+00 -2.351757e+00 6.636552e-01 
47 659  8.000000949456522292e+00 0 0 2.957286e+01 3.517451e+01 3.886204e+01 -1.523519e+01 1.023714e+01 9.562213e+01 3.891408e+01 3.827879e+01 1.215179e+01 3.704556e+01 3.686679e+01 3.084835e+01 4.069042e+01 7.426580e+00 3.475241e+01 4.839446e+01 4.307474e+01 1.788337e+01 1.929057e+00 7.289162e+01 4.348652e+01 3.993253e+00 4.415765e+01 8.652938e+00 2.456180e+01 8.184286e+01 -8.593762e-01 5.526779e+01 2.152684e+01 8.373518e+01 2.412759e+01 7.622969e+00 3.590096e-01 -2.682163e-01 1.322509e+00 7.110546e-01 
48 673  8.000155626493095085e+00 0 0 5.026308e+01 4.131778e+01 4.351889e+01 -1.106336e+01 -2.701371e+00 8.378534e+01 3.234950e+01 2.952112e+01 3.399269e+01 4.703707e+01 5.727230e+01 2.110290e+01 3.101179e+01 2.546500e+00 3.606499e+01 4.010551e+01 3.206639e+01 2.241558e+01 -3.706283e+00 8.661830e+01 2.870235e+01 8.988085e+00 4.096078e+01 -2.128150e+01 -1.080597e+00 6.143646e+01 3.120062e+01 4.904542e+01 3.565809e+01 7.558052e+01 1.510339e+01 2.926146e+01 -8.152679e-02 1.610488e-01 -8.718312e-01 -1.288316e+00 
49 687  8.000582716412040440e+00 0 0 5.656384e+01 4.216236e+01 4.811869e+01 -8.420922e+00 -2.005406e+01 9.386605e+01 2.621611e+00 5.245927e+01 3.350483e+01 5.005262e+01 5.010574e+01 1.579812e+01 3.789693e+01 3.829413e+00 2.953283e+01 5.115824e+01 4.039310e+01 2.721499e+01 -1.265751e-01 8.537999e+01 3.189239e+01 1.578885e+01 4.636656e+01 -2.936512e-01 8.827820e+00 5.197126e+01 2.357364e+01 5.225135e+01 3.985261e+01 8.375316e+01 5.960240e+00 2.291015e+01 7.806016e-01 1.418004e+00 2.413952e-02 -1.473187e-01 
50 701  8.000116422313697129e+00 0 0 2.977864e+01 4.307335e+01 5.473692e+01 -5.006758e+00 6.618152e+00 8.194957e+01 -5.760541e-01 5.096068e+01 2.013716e+01 5.741262e+01 6.136155e+01 4.463464e+01 2.846087e+01 -9.405834e+00 2.816181e+01 4.359824e+01 2.345562e+01 1.641151e+01 1.342444e+00 7.821589e+01 3.383266e+01 -9.204822e+00 3.794285e+01 9.228646e+00 2.908767e+01 7.252889e+01 2.212709e+01 5.026933e+01 3.318818e+01 8.314355e+01 2.660945e+01 4.458134e+01 -1.342065e+00 3.585031e-01 -1.711218e+00 1.750131e+00 
51 715  8.000067607213704690e+00 0 0 2.100254e+01 2.604150e+01 5.324933e+01 1.432427e+01 8.123650e+00 7.155233e+01 6.751470e+00 4.384958e+01 1.180303e+01 6.129269e+01 6.653251e+01 2.675316e+01 1.116286e+01 -2.415522e+01 2.247696e+01 4.557079e+01 3.397281e+01 2.518072e+00 1.400141e+01 7.206739e+01 3.741226e+01 -3.020662e+01 3.962693e+01 -2.415911e+01 1.093157e+01 7.627434e+01 1.695834e+01 2.536059e+01 1.306515e+01 9.614249e+01 1.155375e+01 4.606708e+01 1.555978e+00 8.222361e-03 -7.499600e-01 1.743370e-01 
52 729  8.000696256698558884e+00 0 0 3.722845e+01 5.475021e+00 5.669909e+01 2.467994e+01 -9.636488e+00 9.931402e+01 2.415112e+00 4.504924e+01 4.194973e+01 4.390694e+01 3.735623e+01 6.539537e+01 4.480185e+01 2.198843e+01 4.724087e+01 6.894293e+01 1.763372e+01 1.896130e+01 4.307648e+00 5.528264e+01 3.026525e+01 -7.717469e+00 4.253319e+01 2.230091e+01 3.552190e+01 5.007900e+01 2.555947e+01 2.775806e+01 2.571510e+01 9.041430e+01 2.646954e+01 1.853009e+01 9.187690e-01 2.808687e-01 -3.169934e-01 1.255067e-01 
53 743  8.000311163749829646e+00 0 0 4.965418e+01 3.157842e+01 5.307913e+01 2.641761e+01 -4.474873e+00 9.531374e+01 -2.178812e+01 4.483715e+01 4.061994e+01 4.847252e+01 5.620720e+01 5.449627e+01 2.942384e+01 1.612961e+01 3.466945e+01 3.947545e+01 2.864383e+01 1.403499e+01 -5.091767e+00 5.092007e+01 1.299293e+01 1.042396e+01 5.877661e+01 3.309359e+01 4.205181e+01 3.109353e+01 1.529248e+01 3.605988e+01 8.803021e+00 8.707130e+01 9.165223e+00 3.180157e+01 -1.316514e+00 -1.664172e+00 -4.608702e-01 1.763983e-02 
54 757  8.000098252974863655e+00 0 0 2.738922e+01 3.699876e+01 5.557786e+01 2.563021e+01 2.104035e+00 7.929673e+01 1.804448e+01 4.649537e+01 3.208527e+01 5.618142e+01 5.944859e+01 4.757582e+01 2.654352e+01 1.741473e+01 4.655223e+01 6.732510e+01 2.673259e+01 2.440339e+01 -2.326162e+01 8.667475e+01 4.773854e+01 -7.252669e+00 2.273715e+01 -2.723649e+01 2.811632e+01 6.759709e+01 3.360297e+01 1.455922e+01 2.084013e+01 6.314972e+01 2.853152e+01 2.087536e+00 9.425133e-01 -1.055805e+00 9.912264e-03 -9.833095e-01 
55 771  8.000050953144322463e+00 0 0 3.727510e+01 3.765009e+01 6.329248e+01 8.455280e+00 4.384754e+00 1.159548e+02 1.937553e+00 2.578898e+01 5.405190e+01 3.589371e+01 5.957540e+01 4.043983e+01 1.937533e+01 1.144197e+01 5.734719e+01 6.841829e+01 4.453056e+00 2.462572e+01 1.534808e+01 6.931617e+01 2.800384e+01 -6.927359e+00 2.186490e+01 4.713340e+00 3.785387e+01 7.622312e+01 1.330225e+01 2.355426e+01 3.225151e+01 9.024589e+01 2.087986e+01 5.417686e+01 8.074809e-01 -7.138147e-03 1.202818e+00 -2.366210e+00 
56 785  8.000002833128966984e+00 0 0 1.366218e+01 4.578405e+01 6.430666e+01 -8.215078e+00 4.722594e+00 9.574378e+01 1.176794e+01 3.753820e+01 3.331358e+01 2.623605e+01 4.760508e+01 3.390751e+01 2.810380e+01 2.318634e+01 3.416231e+01 8.035725e+01 3.136473e+01 1.150349e+01 1.150077e+01 6.554497e+01 2.721392e+01 -1.611640e+01 5.434166e+01 3.169696e+00 4.763357e+01 9.330198e+01 -1.395969e+01 2.144175e+01 3.430177e+01 8.601112e+01 7.288641e+00 2.834463e+01 3.287419e+00 3.307485e-01 1.025888e+00 -2.983018e-01 
57 799  8.000465674478212108e+00 0 0 2.464515e+01 3.316321e+01 6.968449e+01 1.111999e+01 -1.491577e+01 9.374715e+01 1.904215e+01 2.561657e+01 4.036198e+01 4.462606e+01 5.464808e+01 6.926138e+01 1.600182e+01 1.753141e+01 3.056767e+01 6.806301e+01 2.048748e+01 3.018536e+01 7.181612e+00 5.976927e+01 1.977097e+01 -3.344900e+00 5.197964e+01 -4.477947e+00 1.417739e+01 8.493241e+01 -1.167815e+01 -4.952622e+00 1.550465e+01 6.443482e+01 5.373445e+00 3.733961e+01 1.740210e+00 6.996421e-01 1.217264e+00 -3.791839e-01 
58 813  8.000022641218688335e+00 0 0 5.249294e+01 2.933345e+01 8.399370e+01 5.048845e+00 -4.416436e+00 9.747059e+01 3.534495e+01 1.856570e+01 3.506320e+01 6.513749e+01 4.890107e+01 5.471073e+01 2.459109e+01 3.467213e+01 6.940566e+01 6.674325e+01 5.523488e+01 4.758054e+01 -2.611753e-01 5.645146e+01 3.577457e+01 1.180837e+01 4.455824e+01 1.314393e+01 6.310107e+00 8.601266e+01 1.227316e+01 2.288270e+01 4.705568e+01 7.548423e+01 1.368072e+01 4.635696e+01 2.646041e-01 -4.011458e-02 2.269858e-01 1.050206e-01 
59 827  8.000104351534158553e+00 0 0 2.865977e+01 4.668922e+01 7.275541e+01 1.750274e+01 1.585922e+01 8.654025e+01 1.017468e+01 1.778586e+01 4.692377e+01 5.018616e+01 6.794680e+01 4.962963e+01 2.388468e+01 9.292895e+00 5.254573e+01 6.972432e+01 2.881957e+01 3.401486e+01 8.708566e+00 5.816829e+01 3.332933e+01 -3.803705e+00 2.374312e+01 1.142055e+01 4.061429e+01 6.864111e+01 8.199134e+00 -1.471671e+01 5.609103e+01 8.429186e+01 9.334807e+00 4.951089e+01 1.046734e+00 1.021526e-02 2.255007e-01 3.090995e-01 
60 841  8.000000960362164903e+00 0 0 3.340071e+01 2.611270e+01 6.575918e+01 -9.518819e+00 2.253525e+01 8.709769e+01 2.417645e+01 2.118413e+01 5.788352e+01 3.994599e+01 7.161082e+01 5.138170e+01 3.693752e+01 -2.015305e-01 4.892304e+01 8.649903e+01 2.735540e+01 6.382976e+01 1.096260e+01 5.115302e+01 3.236699e+01 5.321238e+00 5.428903e+01 1.243606e+01 3.873945e+01 8.512621e+01 1.808550e+01 -2.290837e+01 5.115008e+01 8.502315e+01 1.357669e+01 4.027206e+01 3.254004e+00 -5.449293e-01 -5.376530e-01 1.539359e-01 
61 855  8.000006675094342157e+00 0 0 4.921777e+01 2.292356e+01 7.817287e+01 7.964694e+00 2.376553e+01 8.895309e+01 2.572177e+01 2.011272e+01 3.867394e+01 4.597738e+01 4.619749e+01 4.507564e+01 2.449373e+01 2.412323e+01 5.233804e+01 7.803653e+01 1.007642e+01 4.051706e+01 2.926024e+01 7.448271e+01 3.017890e+01 1.626260e+00 3.191399e+01 -1.406841e+00 3.699510e+01 6.878498e+01 9.932382e+00 5.739732e+00 5.521777e+01 1.046627e+02 1.408329e+01 2.182464e+01 2.276513e+00 -6.945442e-02 3.593435e-01 3.256079e-01 
62 869  8.000004698098408085e+00 0 0 3.966606e+01 3.504130e+01 9.071586e+01 7.612949e+00 8.966456e+00 6.312827e+01 4.245604e+01 7.028257e+00 3.356435e+01 3.576834e+01 5.929544e+01 4.429730e+01 3.118981e+01 2.899240e+01 6.589416e+01 6.941036e+01 7.315783e+00 5.404487e+01 2.067701e+01 5.806545e+01 1.744984e+01 -2.329275e+01 3.479931e+01 -1.174341e+01 2.761976e+01 6.052221e+01 8.104400e+00 -1.189030e+01 6.176435e+01 9.071575e+01 1.324239e+01 2.478266e+01 2.871717e+00 5.010924e-01 2.167510e-03 1.733977e+00 
63 883  8.000321286253333497e+00 0 0 4.716149e+01 1.739538e+01 8.927553e+01 1.398694e+01 2.697037e+01 8.549992e+01 3.940993e+01 1.572046e+01 3.941252e+01 5.768495e+01 7.622550e+01 4.644564e+01 3.676713e+01 2.225393e+01 2.700206e+01 7.866180e+01 1.186547e+01 6.038089e+01 2.312782e+01 7.956826e+01 3.425629e+01 -4.150577e-01 4.409795e+01 -1.295852e+01 4.384633e+01 7.882282e+01 2.088118e+01 8.612729e+00 4.346100e+01 9.574123e+01 1.890953e+01 1.359752e+01 2.669734e+00 -5.275758e-01 5.285651e-01 1.792446e-02 
64 897  8.000119977175799590e+00 0 0 3.436815e+01 2.452154e+01 7.907206e+01 1.943871e+01 1.108131e+01 7.543953e+01 2.486660e+01 2.416838e+01 2.244828e+01 5.819891e+01 5.523953e+01 5.482685e+01 2.722182e+01 1.714913e+01 2.081692e+01 5.246927e+01 6.981803e+00 5.889127e+01 -2.219933e+00 5.900882e+01 2.255238e+01 1.973975e+00 5.746695e+01 -6.511263e-01 4.228915e+01 7.968989e+01 1.714169e-01 -1.576950e+01 2.379191e+01 9.229353e+01 1.955336e+01 2.070146e+00 4.247246e-01 -3.212994e-01 -1.982202e-01 1.107741e-01 
65 911  8.000104532955754522e+00 0 0 4.018472e+01 6.113277e+00 8.981362e+01 1.229576e+01 1.195881e+01 7.093358e+01 2.394842e+01 4.120192e+01 3.427740e+01 6.802215e+01 6.506958e+01 4.403926e+01 2.109573e+01 3.411431e+00 3.899631e+01 6.148100e+01 7.914259e+00 4.331501e+01 1.987957e+01 6.159372e+01 2.795087e+01 -7.073664e+00 5.052481e+01 -1.177748e+01 2.058890e+01 7.349415e+01 2.444575e+01 4.946937e+00 3.312356e+01 1.072942e+02 2.153921e+01 2.794332e+01 1.188628e+00 -8.291865e-01 -1.319715e+00 -6.214521e-01 
66 925  8.000275226395823225e+00 0 0 3.290710e+01 2.147982e+01 7.031116e+01 1.500940e+01 1.488783e+01 7.424683e+01 4.542113e+01 2.303961e+01 3.156922e+01 5.666986e+01 4.173660e+01 4.983870e+01 2.077604e+01 1.785677e+01 4.970195e+01 6.970976e+01 8.063941e+00 4.662156e+01 1.644947e+01 7.758487e+01 2.432931e+01 -6.208397e+00 5.778052e+01 9.385325e+00 1.971516e+01 6.115927e+01 3.170042e+00 9.963429e+00 5.120870e+01 1.120394e+02 2.935161e+01 3.030537e+01 -1.658995e-02 9.103078e-01 -9.463393e-01 1.138626e+00 
67 939  8.000014440732375220e+00 0 0 1.869444e+01 1.861277e+01 7.467631e+01 7.709846e+00 1.468623e+01 8.145897e+01 3.569616e+01 4.052520e+01 2.543882e+01 4.227141e+01 5.235121e+01 4.606325e+01 4.693279e+01 -5.955421e+00 5.748954e+01 6.911798e+01 8.185760e+00 5.641636e+01 2.742648e+01 8.493931e+01 3.064210e+01 1.351264e+01 5.200051e+01 -3.767240e+00 3.972025e+01 5.955307e+01 1.297587e+01 1.962173e+01 5.341381e+01 1.024359e+02 1.306993e+01 2.831993e+01 1.056723e-01 -8.178041e-02 -1.864978e+00 9.964620e-01 
68 953  8.000302605936182587e+00 0 0 1.324587e+01 2.035065e+01 6.722271e+01 -7.442968e+00 1.579345e+01 7.304175e+01 3.937511e+01 2.812584e+01 2.373111e+01 5.166326e+01 4.762413e+01 3.188866e+01 3.820899e+01 5.054303e+00 3.742238e+01 5.203686e+01 1.403320e+01 4.238898e+01 4.605131e+01 7.850967e+01 2.696450e+01 1.409887e+01 5.911344e+01 4.784177e+00 2.623701e+01 6.106365e+01 7.023630e+00 4.981794e+00 4.190174e+01 8.402605e+01 1.570971e+01 2.395510e+01 1.739557e-02 3.312266e-01 -3.633453e-01 1.428781e+00 
69 967  8.000096223961495667e+00 0 0 3.820112e+01 1.313977e+01 6.992548e+01 -3.364460e+00 2.181687e+01 7.725866e+01 5.218691e+01 2.373153e+01 1.525934e+01 4.258859e+01 4.770292e+01 4.315289e+01 4.362937e+01 1.107926e+01 4.521022e+01 6.349572e+01 1.444059e+01 7.377804e+01 3.872519e+01 9.211008e+01 1.966903e+01 1.958282e+01 5.644497e+01 9.598936e+00 2.812708e+01 8.048033e+01 1.320068e+01 1.460721e+01 4.529916e+01 7.823631e+01 1.067486e+01 2.402767e+01 1.035953e+00 -1.432264e+00 -3.352876e-01 8.414308e-02 
70 981  8.000203782599143665e+00 0 0 3.990427e+01 2.954103e+01 8.374667e+01 -4.324444e+00 3.158780e+01 7.960928e+01 3.751854e+01 3.589843e+01 2.949726e+01 4.085970e+01 7.337511e+01 4.063306e+01 5.227865e+01 8.790973e-01 5.781854e+01 5.960180e+01 1.325902e+01 5.617871e+01 1.859666e+01 9.902844e+01 3.327263e+01 2.204170e+01 7.582576e+01 1.557135e+01 2.833047e+01 7.858429e+01 1.051856e+01 5.418215e-01 6.236924e+01 1.047434e+02 8.503412e+00 1.886139e+01 1.039035e+00 2.437688e-02 -2.068214e-01 4.130509e-02 
71 995  8.000023619780082029e+00 0 0 3.878264e+01 3.792721e+01 7.107198e+01 -6.885408e-01 1.930363e+01 8.606287e+01 4.085947e+01 3.315819e+01 5.235936e+00 4.997790e+01 6.500418e+01 4.671745e+01 3.844007e+01 4.242809e+00 3.228490e+01 4.909591e+01 1.567403e+01 5.350249e+01 3.170124e+01 8.543897e+01 2.520605e+01 1.073689e+01 6.724035e+01 5.479270e+00 2.779042e+01 5.816289e+01 1.657876e+01 -3.975016e+00 5.426004e+01 1.063657e+02 1.933793e+01 3.104994e+01 7.812409e-01 1.854776e-01 -9.474842e-01 4.270554e-01 
72 1009  8.000012913911122681e+00 0 0 2.850020e+01 4.404133e+01 7.971079e+01 4.168679e+00 2.083049e+01 7.648993e+01 2.147827e+01 1.883614e+01 1.594531e+01 4.571218e+01 5.460958e+01 4.714520e+01 5.540885e+01 1.232421e+01 4.612402e+01 4.346967e+01 1.612257e+01 6.535376e+01 2.091592e+01 1.097352e+02 4.648500e+01 1.627532e+01 7.007090e+01 1.200763e+01 2.451343e+01 6.586014e+01 1.306707e+01 2.299730e+00 5.366210e+01 9.670840e+01 1.143602e+01 3.046627e+01 2.364889e-01 3.593593e-03 -1.297415e+00 -3.062667e-01 
73 1023  8.000002698584731675e+00 0 0 4.365111e+01 4.118649e+01 7.264491e+01 3.274028e+00 1.366928e+01 6.007665e+01 3.088723e+01 1.818096e+01 2.312934e+01 5.684358e+01 4.649913e+01 5.488941e+01 4.037204e+01 1.182478e+01 5.425686e+01 3.122245e+01 -6.393348e+00 5.105644e+01 3.268425e+01 1.035840e+02 4.062478e+01 3.874715e+00 6.153168e+01 1.657407e+01 3.167566e+01 6.307229e+01 1.094049e+01 -1.234411e+01 4.209678e+01 8.713777e+01 -4.866259e+00 2.347371e+01 -1.021455e+00 5.606337e-02 -2.678690e-01 -1.166759e-01 
74 1037  8.001878729703031823e+00 0 0 2.913546e+01 3.833428e+01 7.803787e+01 1.034419e+00 2.941807e+01 5.572815e+01 4.266198e+01 8.205856e+00 1.066239e+01 4.931895e+01 6.756503e+01 4.481319e+01 3.904394e+01 7.006291e+00 4.219904e+01 3.940088e+01 -7.184325e+00 6.315240e+01 3.376303e+01 9.803111e+01 3.665211e+01 1.060922e+01 7.171552e+01 2.368140e+01 3.385092e+01 6.622080e+01 1.206397e+01 -1.649696e+01 4.448533e+01 8.651078e+01 2.000126e+01 2.205761e+01 1.100599e+00 1.836166e+00 -1.868844e+00 4.836041e-01 
75 1051  8.001592495014921980e+00 0 0 3.082608e+01 4.622432e+01 7.029787e+01 9.978148e+00 1.897739e+01 8.025856e+01 2.292589e+01 1.714398e+01 2.089227e+01 7.480837e+01 6.694121e+01 5.273763e+01 3.456102e+01 8.625978e+00 4.315240e+01 4.312087e+01 6.718292e+00 5.527743e+01 4.409766e+01 1.020675e+02 3.132516e+01 -2.138313e+00 5.450463e+01 7.363089e+00 2.816157e+01 6.962458e+01 1.269545e+01 -9.634286e-01 3.941982e+01 9.597468e+01 2.525575e+01 3.060199e+01 1.509269e+00 2.667273e-01 4.670794e-02 3.990608e-02 
76 1065  8.000104155582729248e+00 0 0 4.457726e+01 3.426342e+01 6.764278e+01 8.215231e+00 1.603606e+01 9.564842e+01 1.736532e+01 1.313574e+01 8.572208e+00 7.200332e+01 6.491358e+01 6.422004e+01 2.270132e+01 7.666062e+00 5.166013e+01 4.648426e+01 1.143825e+01 4.150063e+01 4.046273e+01 9.531462e+01 3.338612e+01 4.520214e+00 5.785012e+01 1.712738e+01 3.520856e+01 7.802792e+01 1.826450e+01 1.639150e+00 4.293976e+01 8.297332e+01 1.679807e+01 3.696175e+01 2.050551e+00 9.024691e-01 5.106975e-01 -1.342662e-01 
77 1079  8.000022322724902324e+00 0 0 3.515403e+01 3.095796e+01 6.492872e+01 1.553162e+01 -3.535583e+00 9.705442e+01 2.308318e+01 1.975157e+01 5.506500e+00 7.462523e+01 7.282068e+01 5.973891e+01 2.280099e+01 4.678803e+00 6.702304e+01 4.456288e+01 2.933318e+01 5.742644e+01 3.640833e+01 1.016209e+02 3.432474e+01 5.036986e+00 7.197320e+01 1.867522e+01 4.184112e+01 7.940680e+01 2.447972e+01 6.557959e+00 3.262797e+01 9.715976e+01 2.134233e+01 4.386222e+01 7.314253e-01 2.417485e-02 -4.724693e-03 -1.111223e+00 
78 1093  8.000009189170096846e+00 0 0 2.239071e+01 3.933064e+01 7.538841e+01 8.500165e+00 1.837239e+01 9.255966e+01 3.653199e+01 2.282633e+01 -6.905649e+00 6.846375e+01 5.931680e+01 5.697171e+01 3.113432e+01 1.619835e+00 5.323119e+01 4.159091e+01 1.741810e+01 5.925909e+01 1.808197e+01 8.746019e+01 4.175492e+01 -3.984471e+00 6.233012e+01 2.547285e+01 4.286295e+01 7.935696e+01 3.171160e+01 1.668412e+01 4.829891e+01 7.372952e+01 2.424013e+01 3.339077e+01 1.076769e+00 -7.618230e-01 -6.369752e-01 -1.251305e+00 
79 1107  8.000796107189627193e+00 0 0 3.824850e+01 4.607346e+01 5.964293e+01 1.716818e+01 3.990569e+01 8.304863e+01 3.627423e+01 1.503100e+01 6.359477e+00 7.047058e+01 6.420340e+01 5.907210e+01 2.199478e+01 -1.376406e+01 5.585076e+01 4.747140e+01 9.127494e+00 5.817545e+01 3.300168e+01 9.639543e+01 3.955716e+01 1.786679e+01 7.795797e+01 2.227232e+01 5.326429e+01 8.368598e+01 2.098387e+01 -3.950890e+00 4.052587e+01 8.038213e+01 2.706471e+01 2.662706e+01 3.725560e+00 2.821537e-02 -1.079377e+00 -6.132509e-01 
80 1121  8.000000764446035362e+00 0 0 3.972837e+01 4.366006e+01 7.378857e+01 4.304457e+00 2.644078e+01 8.297385e+01 1.733028e+01 3.007601e+01 2.022993e+00 7.544911e+01 6.624242e+01 6.233522e+01 2.407166e+01 -1.223441e+00 5.532465e+01 4.253801e+01 1.459417e+01 6.084405e+01 3.265308e+01 9.578473e+01 4.206350e+01 -1.759642e+00 6.605215e+01 1.223758e+01 4.399139e+01 7.763486e+01 2.632654e+01 2.051413e+00 3.452682e+01 8.573589e+01 3.709689e+01 3.681730e+01 1.208119e+00 7.351456e-01 -1.170746e+00 3.368205e-01 
81 1135  8.000047990036843970e+00 0 0 3.735989e+01 2.770021e+01 8.529730e+01 2.223002e+00 2.409635e+01 1.025411e+02 7.456816e+00 2.318243e+01 -2.040366e+00 7.065234e+01 6.888056e+01 7.711299e+01 2.236410e+01 -7.990415e+00 4.389976e+01 5.756621e+01 1.051030e+01 7.204106e+01 2.321610e+01 9.495871e+01 3.603281e+01 1.388948e+01 7.471941e+01 3.966944e+01 3.515608e+01 6.203457e+01 2.428775e+01 8.506946e+00 3.185869e+01 8.421563e+01 2.860832e+01 4.587622e+01 2.731711e+00 1.722458e-01 -8.117916e-01 2.810694e-01 
82 1149  8.000001604012961565e+00 0 0 3.894211e+01 3.628118e+01 7.698934e+01 2.233711e+01 2.303226e+01 9.365548e+01 2.268818e+01 2.123026e+01 -9.236385e+00 6.297883e+01 6.635837e+01 5.726608e+01 2.531714e+01 1.247224e+00 5.214301e+01 6.040369e+01 2.018689e+01 6.875605e+01 2.182372e+01 8.185975e+01 3.676172e+01 1.599254e+01 7.462199e+01 2.588362e+01 3.805034e+01 8.265180e+01 2.904747e+01 1.216936e+01 3.447487e+01 6.277403e+01 1.910127e+01 4.678042e+01 2.157343e-01 -1.558424e-01 -2.119316e+00 -5.034600e-01 
83 1163  8.000010208967051284e+00 0 0 5.030559e+01 3.641450e+01 7.809095e+01 1.140999e+01 2.136552e+01 9.221441e+01 2.267752e+01 1.732878e+01 -1.194746e+00 5.727679e+01 6.845289e+01 5.029731e+01 2.881448e+01 1.091569e+00 3.578270e+01 5.752354e+01 1.765090e+01 6.200518e+01 3.656049e+01 8.538396e+01 3.765891e+01 -1.315666e+00 6.799834e+01 4.177374e+01 3.967403e+01 5.950900e+01 2.947239e+01 6.344657e+00 3.260937e+01 7.526877e+01 1.612727e+01 3.907123e+01 1.465246e+00 -6.196774e-01 -1.063411e+00 3.028465e-01 
84 1177  8.000072282726044648e+00 0 0 4.472212e+01 3.192810e+01 7.580313e+01 1.045230e+01 1.051110e+01 1.132321e+02 2.160611e+01 2.194811e+01 -6.426930e+00 6.548957e+01 6.305254e+01 5.217400e+01 1.984030e+01 2.025633e+00 3.033389e+01 4.211870e+01 2.378146e+01 7.172187e+01 2.307944e+01 9.662967e+01 4.386858e+01 1.015218e+01 5.924815e+01 1.165851e+01 3.384263e+01 7.352613e+01 2.834384e+01 6.123243e+00 2.574024e+01 8.799861e+01 1.128373e+01 5.094072e+01 9.035894e-01 -6.582108e-01 -2.413151e+00 -5.267246e-01 
85 1191  8.000085301104890689e+00 0 0 2.765478e+01 2.273155e+01 7.907651e+01 2.546172e+01 1.251356e+01 9.697023e+01 2.911664e+01 1.193525e+01 6.348359e+00 6.782896e+01 6.350870e+01 5.294330e+01 2.220268e+01 1.308617e+01 3.756710e+01 4.855413e+01 2.533654e+01 6.892593e+01 2.331825e+01 8.414582e+01 5.351621e+01 8.214157e+00 7.931339e+01 1.485781e+01 3.338377e+01 6.279365e+01 3.866910e+01 1.621460e+01 2.445870e+01 7.529082e+01 2.503379e+01 4.295033e+01 -4.753103e-01 1.996324e-01 -1.043631e+00 1.831893e+00 
86 1205  8.000007613715816035e+00 0 0 4.590331e+01 4.055636e+01 8.671336e+01 1.491623e+01 2.179115e+01 9.147705e+01 2.828440e+01 1.493251e+01 -1.187022e+00 6.076289e+01 7.631351e+01 5.174508e+01 2.631827e+01 1.154208e+01 3.796364e+01 4.090928e+01 2.456311e+01 8.424596e+01 2.784417e+01 8.982414e+01 5.503036e+01 1.301627e+00 7.380632e+01 1.388669e+01 4.167199e+01 6.253018e+01 4.368178e+01 1.810677e+01 3.418321e+01 7.815756e+01 1.706892e+01 4.068752e+01 1.355113e+00 1.411825e-01 -7.156137e-01 2.122073e+00 
87 1219  8.000044749496399987e+00 0 0 3.806253e+01 2.304475e+01 8.568525e+01 2.267977e+01 1.994921e+01 9.841596e+01 3.866512e+01 2.139784e-01 -4.281008e+00 6.801579e+01 7.635399e+01 5.064156e+01 2.567430e+01 9.329165e+00 2.825036e+01 3.978215e+01 1.879454e+01 7.507561e+01 2.605614e+01 8.343987e+01 4.755800e+01 1.420756e+01 8.440699e+01 2.324834e+01 3.916724e+01 6.402966e+01 3.625991e+01 9.027792e+00 3.209352e+01 6.546944e+01 5.833560e+00 3.985223e+01 5.946367e-01 -6.689506e-03 -1.255948e+00 2.071324e+00 
88 1233  8.000000017975585465e+00 0 0 3.681732e+01 2.820887e+01 8.363136e+01 1.202820e+01 2.541999e+01 8.247730e+01 3.925433e+01 1.637508e+01 -6.997649e+00 6.320797e+01 4.855814e+01 4.862028e+01 1.942310e+01 9.492531e+00 2.639678e+01 3.828530e+01 1.827567e+01 7.706117e+01 1.721521e+01 7.783368e+01 4.739991e+01 7.105958e+00 7.724769e+01 1.186832e+01 4.077814e+01 6.883293e+01 4.573763e+01 2.142337e+01 3.574579e+01 6.270835e+01 8.883808e+00 3.743414e+01 -2.731153e-01 1.340731e-04 -7.936110e-01 1.426160e-01 
89 1247  8.000124399786642471e+00 0 0 4.160141e+01 1.931243e+01 8.075722e+01 6.358995e+00 1.982342e+01 9.391779e+01 3.501044e+01 1.025240e+01 -9.501856e+00 5.908905e+01 7.901094e+01 6.658026e+01 6.656379e+00 4.652029e-01 3.925967e+01 4.007254e+01 1.260623e+01 7.758819e+01 2.542181e+01 7.701941e+01 5.388554e+01 1.131447e+01 8.503370e+01 1.403511e+01 4.823137e+01 5.519046e+01 3.857282e+01 -1.186822e+00 2.928167e+01 7.137566e+01 3.682196e+00 3.987111e+01 1.472571e-01 1.115347e-02 -1.461571e+00 1.641690e+00 
90 1261  8.001126533940238872e+00 0 0 5.062517e+01 3.638842e+01 8.949665e+01 2.266011e+01 2.284998e+01 9.334421e+01 3.300067e+01 1.934131e+01 2.439872e+00 5.822476e+01 7.228738e+01 4.874406e+01 1.444945e+01 6.281802e+00 3.087785e+01 3.210057e+01 3.681161e+01 7.389622e+01 1.017438e+01 8.332470e+01 5.336290e+01 7.692612e+00 8.491675e+01 2.392009e+01 4.065974e+01 8.035335e+01 3.409679e+01 2.451866e+01 3.425355e+01 8.350247e+01 6.646605e+00 4.433438e+01 7.570656e-01 6.851219e-02 -5.390835e-01 1.937889e+00 
91 1275  8.000753031431347750e+00 0 0 4.092708e+01 3.931963e+01 8.913744e+01 3.870385e+01 2.723927e+01 8.219238e+01 4.234497e+01 2.016130e+01 -7.141742e-01 7.276327e+01 7.000702e+01 4.171702e+01 1.754338e+01 5.608703e+00 3.454969e+01 3.648095e+01 1.864695e+01 7.170425e+01 2.423549e+01 8.998999e+01 6.211373e+01 6.327185e+00 6.766056e+01 1.632477e+01 4.081961e+01 7.801794e+01 5.305570e+01 1.960095e+01 2.068257e+01 8.072234e+01 1.667357e+01 5.798426e+01 7.532927e-01 -5.835808e-01 -2.102331e-01 1.567788e+00 
