%  columns="iteration, evaluation, sigma, axis ratio, bestever, best, median, worst fitness function value, further objective values of best" (startseed=521288629, 2018/02/22 2:21:47.35)
1 15 2.806805e+01 1.018087e+01  8.000000000000000000e+00  8.004147156065389623e+00  8.084549145562988315e+00  1.202323972578452072e+01
2 29 2.637665e+01 1.027826e+01  8.000000000000000000e+00  8.000328013861858878e+00  8.047174901772576661e+00  1.002836766922383127e+01
3 43 2.527494e+01 1.029989e+01  8.000000000000000000e+00  8.000563583054288941e+00  8.044529397313560537e+00  1.034845560819148425e+01
4 57 2.394671e+01 1.037730e+01  8.000000000000000000e+00  8.001407642198318015e+00  8.112840737900729238e+00  1.074392058907080205e+01
5 71 2.290657e+01 1.044862e+01  8.000000000000000000e+00  8.007478364126978221e+00  8.100994025344748550e+00  9.242806773023502842e+00
6 85 2.218203e+01 1.044847e+01  8.000000000000000000e+00  8.001956015720326221e+00  8.128761285565612837e+00  9.018787363059049156e+00
7 99 2.158332e+01 1.044277e+01  8.000000000000000000e+00  8.002360120818666545e+00  8.028084233747296850e+00  8.554086021242946813e+00
8 113 2.133861e+01 1.055140e+01  8.000000000000000000e+00  8.000013020368472283e+00  8.036108947046155748e+00  1.465629915860613508e+01
9 127 2.116661e+01 1.065421e+01  8.000000000000000000e+00  8.001150930348941870e+00  8.072002795886840332e+00  9.648180816340824251e+00
10 141 2.138511e+01 1.083002e+01  8.000000000000000000e+00  8.000081566825652857e+00  8.054673370394004550e+00  1.025078668352837497e+01
11 155 2.143477e+01 1.093884e+01  8.000000000000000000e+00  8.002282026083511468e+00  8.063076501941331742e+00  1.051451010034952560e+01
12 169 2.113025e+01 1.102306e+01  8.000000000000000000e+00  8.003705826611128060e+00  8.129529837579156037e+00  1.131442411142406357e+01
13 183 2.065970e+01 1.106597e+01  8.000000000000000000e+00  8.000010902603918339e+00  8.294566967414166214e+00  2.008138263293395198e+01
14 197 2.052564e+01 1.110125e+01  8.000000000000000000e+00  8.000050744009215009e+00  8.219688736355738712e+00  1.014454940086888968e+01
15 211 2.019641e+01 1.116160e+01  8.000000000000000000e+00  8.000011477363978329e+00  8.054388700371511334e+00  9.230186707843877514e+00
16 225 1.987993e+01 1.124961e+01  8.000000000000000000e+00  8.000604156862396010e+00  8.077215228814402792e+00  8.483662041538647003e+00
17 239 1.961957e+01 1.133309e+01  8.000000000000000000e+00  8.001726107791940379e+00  8.050316324132090529e+00  1.339607029997995369e+01
18 253 1.894707e+01 1.142094e+01  8.000000000000000000e+00  8.000158906177327722e+00  8.011855737042219872e+00  8.621785606321527240e+00
19 267 1.833132e+01 1.143556e+01  8.000000000000000000e+00  8.000154529307083706e+00  8.013879305177788126e+00  8.332848597063874152e+00
20 281 1.777126e+01 1.147161e+01  8.000000000000000000e+00  8.000000047207828757e+00  8.068840307570766868e+00  8.508190374108242082e+00
21 295 1.717852e+01 1.150519e+01  8.000000000000000000e+00  8.000219664823596588e+00  8.059167297698712318e+00  1.034123956987229320e+01
22 309 1.660056e+01 1.155403e+01  8.000000000000000000e+00  8.000171991306181951e+00  8.090429744014931757e+00  9.095632009563859199e+00
23 323 1.610670e+01 1.154364e+01  8.000000000000000000e+00  8.000003722159521047e+00  8.103519019347796615e+00  1.101266274486857810e+01
24 337 1.552625e+01 1.156827e+01  8.000000000000000000e+00  8.000766842332616591e+00  8.052718840152655488e+00  8.474097977098892898e+00
25 351 1.473456e+01 1.157302e+01  8.000000000000000000e+00  8.001958667865370245e+00  8.107993254208970768e+00  9.169742365989554500e+00
26 365 1.400321e+01 1.159682e+01  8.000000000000000000e+00  8.000001612935148998e+00  8.091518558224532143e+00  9.209123342691999170e+00
27 379 1.370422e+01 1.160659e+01  8.000000000000000000e+00  8.000002122391300929e+00  8.038300783658069548e+00  8.972603885429055737e+00
28 393 1.360018e+01 1.163452e+01  8.000000000000000000e+00  8.008381896297214197e+00  8.067362773289953992e+00  9.231952553807104778e+00
29 407 1.351881e+01 1.166433e+01  8.000000000000000000e+00  8.001721060560271326e+00  8.010014047065197929e+00  8.137996624249257849e+00
30 421 1.351026e+01 1.174232e+01  8.000000000000000000e+00  8.000014568212629129e+00  8.025560820270172258e+00  8.262360115733882182e+00
31 435 1.376309e+01 1.182622e+01  8.000000000000000000e+00  8.013005726514759175e+00  8.059171987549383687e+00  8.474389854114829035e+00
32 449 1.409950e+01 1.188748e+01  8.000000000000000000e+00  8.000144519570689283e+00  8.038815112479801073e+00  9.284100350251286216e+00
33 463 1.442259e+01 1.196346e+01  8.000000000000000000e+00  8.001292545779136844e+00  8.143059630287931228e+00  1.052710725170513939e+01
34 477 1.457128e+01 1.205683e+01  8.000000000000000000e+00  8.001884145981772889e+00  8.219770984397252178e+00  9.158625088206086673e+00
35 491 1.462933e+01 1.213263e+01  8.000000000000000000e+00  8.002457257248094535e+00  8.047895299613774256e+00  9.418084977306447669e+00
36 505 1.452617e+01 1.219148e+01  8.000000000000000000e+00  8.000018063021418158e+00  8.056088713233403809e+00  9.446899622632368931e+00
37 519 1.459341e+01 1.224409e+01  8.000000000000000000e+00  8.000131851348582401e+00  8.019979000440207173e+00  8.789286273894928669e+00
38 533 1.455773e+01 1.228721e+01  8.000000000000000000e+00  8.000151798869371333e+00  8.155101302530002982e+00  8.595372783751285439e+00
39 547 1.461924e+01 1.230615e+01  8.000000000000000000e+00  8.001029575558398221e+00  8.299687408562949287e+00  9.683694155059974662e+00
40 561 1.428643e+01 1.232288e+01  8.000000000000000000e+00  8.000000062805426637e+00  8.057739386557496886e+00  8.662926463924927489e+00
41 575 1.406370e+01 1.235354e+01  8.000000000000000000e+00  8.000006636822879713e+00  8.016431696858443701e+00  8.154666468179803118e+00
42 589 1.392013e+01 1.236828e+01  8.000000000000000000e+00  8.000385805279925933e+00  8.038827215855194552e+00  8.520373585055120103e+00
43 603 1.380015e+01 1.234669e+01  8.000000000000000000e+00  8.003787894319501106e+00  8.061927112135611750e+00  8.577326075429867913e+00
44 617 1.354240e+01 1.232574e+01  8.000000000000000000e+00  8.000004377522298427e+00  8.020302443676902371e+00  8.792327358034018658e+00
45 631 1.319514e+01 1.233995e+01  8.000000000000000000e+00  8.001187248507589445e+00  8.043944346143408808e+00  8.479294314725132509e+00
46 645 1.297087e+01 1.231633e+01  8.000000000000000000e+00  8.000139171204258659e+00  8.076425835980526102e+00  8.598203399388999912e+00
47 659 1.275000e+01 1.232628e+01  8.000000000000000000e+00  8.000000949456522292e+00  8.123325763097529517e+00  8.580368024939740934e+00
48 673 1.285132e+01 1.232288e+01  8.000000000000000000e+00  8.000155626493095085e+00  8.048007652440031023e+00  8.354530568406801194e+00
49 687 1.282843e+01 1.232466e+01  8.000000000000000000e+00  8.000582716412040440e+00  8.026513499530580020e+00  9.764971897739409101e+00
50 701 1.252348e+01 1.232237e+01  8.000000000000000000e+00  8.000116422313697129e+00  8.042870582209195263e+00  8.737219671359138573e+00
51 715 1.245834e+01 1.233165e+01  8.000000000000000000e+00  8.000067607213704690e+00  8.003941603190540377e+00  8.063575850954789459e+00
52 729 1.245589e+01 1.234661e+01  8.000000000000000000e+00  8.000696256698558884e+00  8.087661148991697857e+00  8.289659611610240120e+00
53 743 1.219811e+01 1.235738e+01  8.000000000000000000e+00  8.000311163749829646e+00  8.013554109473906450e+00  8.786642369391811869e+00
54 757 1.167430e+01 1.237180e+01  8.000000000000000000e+00  8.000098252974863655e+00  8.017981621273285953e+00  8.300341104900679667e+00
55 771 1.142423e+01 1.236668e+01  8.000000000000000000e+00  8.000050953144322463e+00  8.024291351530711935e+00  8.501595542949576867e+00
56 785 1.124393e+01 1.235661e+01  8.000000000000000000e+00  8.000002833128966984e+00  8.018051791420777619e+00  8.706734050101191613e+00
57 799 1.104119e+01 1.235970e+01  8.000000000000000000e+00  8.000465674478212108e+00  8.048747042787915973e+00  8.876937390828565810e+00
58 813 1.091354e+01 1.240564e+01  8.000000000000000000e+00  8.000022641218688335e+00  8.006146231744564190e+00  8.077224471878905021e+00
59 827 1.078021e+01 1.243256e+01  8.000000000000000000e+00  8.000104351534158553e+00  8.108416187314158918e+00  9.276552198861278242e+00
60 841 1.063330e+01 1.246166e+01  8.000000000000000000e+00  8.000000960362164903e+00  8.016694413339926939e+00  8.432887015053841751e+00
61 855 1.049809e+01 1.246699e+01  8.000000000000000000e+00  8.000006675094342157e+00  8.009188691837746177e+00  8.697378414315750206e+00
62 869 1.035568e+01 1.249034e+01  8.000000000000000000e+00  8.000004698098408085e+00  8.005785537244804573e+00  8.484380395227757887e+00
63 883 1.015327e+01 1.250518e+01  8.000000000000000000e+00  8.000321286253333497e+00  8.026234906472847541e+00  8.240540156120337301e+00
64 897 9.774886e+00 1.251832e+01  8.000000000000000000e+00  8.000119977175799590e+00  8.007860587960479393e+00  1.051162884052605406e+01
65 911 9.410660e+00 1.253426e+01  8.000000000000000000e+00  8.000104532955754522e+00  8.053762434305630435e+00  8.218288171353922422e+00
66 925 9.031482e+00 1.254340e+01  8.000000000000000000e+00  8.000275226395823225e+00  8.006826436370946709e+00  8.939399222120595567e+00
67 939 8.842978e+00 1.254815e+01  8.000000000000000000e+00  8.000014440732375220e+00  8.040018314661184107e+00  9.096212443997380603e+00
68 953 8.745825e+00 1.257624e+01  8.000000000000000000e+00  8.000302605936182587e+00  8.013441820517641645e+00  8.447060584463775612e+00
69 967 8.598740e+00 1.255563e+01  8.000000000000000000e+00  8.000096223961495667e+00  8.018608541610575458e+00  8.376534447329611055e+00
70 981 8.522656e+00 1.256253e+01  8.000000000000000000e+00  8.000203782599143665e+00  8.008867508823570347e+00  8.209531790180870203e+00
71 995 8.500583e+00 1.260008e+01  8.000000000000000000e+00  8.000023619780082029e+00  8.009876166889503324e+00  8.127494225269986217e+00
72 1009 8.486553e+00 1.265967e+01  8.000000000000000000e+00  8.000012913911122681e+00  8.017758819898027411e+00  8.239360980036117610e+00
73 1023 8.437162e+00 1.271910e+01  8.000000000000000000e+00  8.000002698584731675e+00  8.017590872384982248e+00  8.217197573989805548e+00
74 1037 8.201382e+00 1.274413e+01  8.000000000000000000e+00  8.001878729703031823e+00  8.042678167506494447e+00  8.244432550927436765e+00
75 1051 8.006564e+00 1.276833e+01  8.000000000000000000e+00  8.001592495014921980e+00  8.007249884884329205e+00  8.164110868738093885e+00
76 1065 7.963034e+00 1.275620e+01  8.000000000000000000e+00  8.000104155582729248e+00  8.019743053044482650e+00  8.629699503381422332e+00
77 1079 7.895666e+00 1.272992e+01  8.000000000000000000e+00  8.000022322724902324e+00  8.021006523188992432e+00  8.167370458647154052e+00
78 1093 7.805631e+00 1.271622e+01  8.000000000000000000e+00  8.000009189170096846e+00  8.009090846540022568e+00  8.246271420920361805e+00
79 1107 7.752660e+00 1.275963e+01  8.000000000000000000e+00  8.000796107189627193e+00  8.018882740030388590e+00  9.629291055699209068e+00
80 1121 7.649158e+00 1.279444e+01  8.000000000000000000e+00  8.000000764446035362e+00  8.010281861621333377e+00  8.264195735592679171e+00
81 1135 7.554748e+00 1.281675e+01  8.000000000000000000e+00  8.000047990036843970e+00  8.018939828199346920e+00  9.062759044478042370e+00
82 1149 7.488730e+00 1.282719e+01  8.000000000000000000e+00  8.000001604012961565e+00  8.006280094307770767e+00  8.126916522714575208e+00
83 1163 7.377636e+00 1.282306e+01  8.000000000000000000e+00  8.000010208967051284e+00  8.006304884359398244e+00  8.393947964068120271e+00
84 1177 7.286077e+00 1.284131e+01  8.000000000000000000e+00  8.000072282726044648e+00  8.007533326187143530e+00  8.080990232200939261e+00
85 1191 7.317888e+00 1.284825e+01  8.000000000000000000e+00  8.000085301104890689e+00  8.003819544705148559e+00  8.119780352970789039e+00
86 1205 7.284406e+00 1.288770e+01  8.000000000000000000e+00  8.000007613715816035e+00  8.028541935196773949e+00  8.250688603792033504e+00
87 1219 7.371308e+00 1.290434e+01  8.000000000000000000e+00  8.000044749496399987e+00  8.011898210753049199e+00  8.172086276426874463e+00
88 1233 7.466501e+00 1.295356e+01  8.000000000000000000e+00  8.000000017975585465e+00  8.023721190235278300e+00  8.285333576825744117e+00
89 1247 7.550827e+00 1.297610e+01  8.000000000000000000e+00  8.000124399786642471e+00  8.004630983255278665e+00  8.182627514517731626e+00
90 1261 7.515658e+00 1.299982e+01  8.000000000000000000e+00  8.001126533940238872e+00  8.056391304169830292e+00  8.225960277370482743e+00
91 1275 7.530339e+00 1.301670e+01  8.000000000000000000e+00  8.000753031431347750e+00  8.038170402314889884e+00  8.165897845183401671e+00
