2.1553445      1 
3.2469154      2 
4.3581653      3 
5.3812598      4 
7.9636696      3 
10.796391      2 
12.665993      1 
15.508994      2 
16.730868      3 
19.198106      4 
21.552738      3 
23.813027      2 
25.402288      1 
27.353718      2 
29.078275      3 
31.372953      4 
33.164777      3 
34.863554      2 
37.166781      1 
39.120353      2 
40.277408      3 
42.095942      4 
43.332693      3 
44.477675      2 
46.504466      1 
48.45946       2 
50.412335      3 
53.199543      4 
55.88885       3 
58.487651      2 
61.241613      1 
63.196731      2 
65.958049      3 
67.905527      4 
70.054914      3 
72.115039      2 
74.600595      1 
76.556189      2 
78.511824      3 
80.216952      4 
81.833841      3 
83.362694      2 
85.5835        1 
86.722739      2 
87.952911      3 
90.41544       4 
91.50715       3 
92.512034      2 
94.471975      1 
96.429053      2 
99.312411      3 
101.97199      4 
104.54574      3 
107.03385      2 
109.73494      1 
112.49406      2 
114.92229      3 
116.56008      4 
118.62299      3 
120.60144      2 
123.04861      1 
125.78212      2 
128.02667      3 
129.53262      4 
131.09171      3 
132.5675       2 
133.76883      1 
136.5987       2 
138.68103      3 
139.82555      4 
140.88774      3 
143.86778      2 
146.81669      1 
148.77584      2 
150.73515      3 
153.38848      4 
155.9606       3 
158.4517       2 
160.16178      1 
162.92387      2 
165.07628      3 
167.24517      4 
169.33396      3 
171.34285      2 
173.80748      1 
176.53972      2 
177.84903      3 
179.54013      4 
181.15223      3 
182.68553      2 
183.91832      1 
185.8772       2 
187.16625      3 
188.36805      4 
190.73398      3 
191.79822      2 
194.79155      1 
196.75283      2 
198.71429      3 
201.46942      4 
204.14772      3 
206.74936      2 
208.51611      1 
210.47702      2 
212.35446      3 
213.6113       4 
215.88607      3 
218.03146      2 
219.57294      1 
220.80423      2 
222.88255      3 
225.39093      4 
227.16091      3 
228.85632      2 
231.16708      1 
233.12986      2 
235.0927       3 
236.49157      4 
237.81674      3 
239.06836      2 
240.16022      1 
242.12216      2 
243.15739      3 
246.03527      4 
248.92361      3 
251.73754      2 
253.61077      1 
255.57431      2 
257.50526      3 
260.08586      4 
262.53965      3 
264.9219       2 
266.58286      1 
268.54584      2 
271.28648      3 
273.38426      4 
275.41132      3 
277.36783      2 
278.81768      1 
280.78062      2 
282.38846      3 
283.7348       4 
284.95359      3 
286.79331      2 
288.03246      1 
289.19175      2 
291.04425      3 
293.82592      4 
295.01705      3 
296.13955      2 
297.16749      1 
299.13307      2 
302.05436      3 
304.91036      4 
307.69211      3 
310.40619      2 
313.22917      1 
316.05395      2 
317.32023      3 
319.76515      4 
322.14316      3 
324.45442      2 
327.07658      1 
329.04347      2 
331.78162      3 
333.65633      4 
335.63614      3 
337.55013      2 
339.97439      1 
342.71579      2 
344.96495      3 
346.48185      4 
348.06895      3 
349.59111      2 
350.82528      1 
352.79115      2 
354.10703      3 
355.3394       4 
357.66585      3 
358.80159      2 
360.83761      1 
361.84162      2 
364.74935      3 
367.63352      4 
370.45129      3 
373.2059       2 
375.05458      1 
377.89703      2 
379.98891      3 
382.49236      4 
384.93338      3 
387.31211      2 
388.97589      1 
391.72862      2 
393.07682      3 
395.31007      4 
397.37952      3 
399.38753      2 
401.86093      1 
403.83036      2 
405.79982      3 
407.56352      4 
409.2665       3 
410.9089       2 
413.20014      1 
415.98474      2 
418.15554      3 
419.50748      4 
420.84903      3 
422.13083      2 
423.24521      1 
425.21406      2 
426.32433      3 
427.38131      4 
430.37944      3 
433.3056       2 
436.23912      1 
439.14811      2 
441.89901      3 
444.60155      4 
447.23893      3 
449.07915      2 
450.84209      1 
452.81212      2 
455.59291      3 
457.93716      4 
460.22396      3 
462.45344      2 
465.03946      1 
467.01102      2 
468.24521      3 
470.35068      4 
472.29551      3 
474.18382      2 
475.60655      1 
477.57645      2 
479.17147      3 
481.51145      4 
483.11903      3 
484.67085      2 
485.92467      1 
487.8951       2 
489.25828      3 
490.52712      4 
491.75819      3 
493.79043      2 
494.87554      1 
495.93057      2 
496.9607       3 
498.79151      4 
501.7637       3 
504.65779      2 
507.57687      1 
509.54995      2 
512.42881      3 
515.29926      4 
517.40194      3 
519.97179      2 
521.73427      1 
524.5297       2 
526.67686      3 
529.03398      4 
531.33822      3 
533.58971      2 
536.189        1 
538.93213      2 
540.29181      3 
542.33349      4 
544.32303      3 
546.26053      2 
547.7101       1 
549.68226      2 
551.31498      3 
552.67434      4 
554.74062      3 
556.36845      2 
558.65703      1 
559.84548      2 
561.21916      3 
562.48365      4 
564.57644      3 
565.89885      2 
568.03508      1 
569.13227      2 
570.29553      3 
571.41891      4 
572.53372      3 
574.90558      2 
576.89157      1 
579.85292      2 
582.79164      3 
584.80682      4 
587.58016      3 
590.30428      2 
592.14478      1 
594.9876       2 
597.09283      3 
599.62116      4 
602.10083      3 
604.53195      2 
