2.1438164      1 
3.2167124      2 
4.2638625      3 
6.9463451      4 
9.7620399      3 
12.45422       2 
14.24504       1 
17.030039      2 
18.313979      3 
19.399646      4 
21.528186      3 
23.515473      2 
25.950944      1 
28.679341      2 
29.946268      3 
31.469017      4 
32.876299      3 
34.16838       2 
35.259673      1 
37.200407      2 
40.119311      3 
42.957314      4 
45.677362      3 
48.283794      2 
51.030046      1 
52.973667      2 
55.720322      3 
57.622895      4 
59.665157      3 
61.595362      2 
63.011338      1 
64.953544      2 
66.460398      3 
68.804943      4 
70.178733      3 
71.442007      2 
73.518701      1 
74.538979      2 
77.380777      3 
80.209927      4 
82.924433      3 
85.529942      2 
87.282696      1 
89.227585      2 
91.976443      3 
94.148473      4 
96.212756      3 
98.169542      2 
99.601093      1 
100.81736      2 
102.72772      3 
104.15798      4 
105.44091      3 
107.37104      2 
109.47687      1 
111.42394      2 
112.42412      3 
115.36901      4 
118.15954      3 
120.8455       2 
122.64008      1 
124.58738      2 
126.4555       3 
128.86794      4 
131.03469      3 
133.09831      2 
134.5854       1 
137.30743      2 
140.17732      3 
141.805        4 
143.35654      3 
144.80638      2 
146.98085      1 
148.08428      2 
150.82668      3 
151.87202      4 
154.81681      3 
157.6613       2 
160.53325      1 
163.37607      2 
164.5964       3 
167.04195      4 
169.38834      3 
171.63579      2 
173.21641      1 
175.16554      2 
176.87641      3 
179.16554      4 
180.92174      3 
182.58037      2 
183.86709      1 
185.81648      2 
187.16036      3 
188.38436      4 
189.54907      3 
191.6181       2 
193.60923      1 
196.55271      2 
198.51337      3 
201.20855      4 
203.80861      3 
206.31376      2 
209.01873      1 
210.21301      2 
211.88822      3 
213.1293       4 
215.25228      3 
217.19255      2 
219.61611      1 
220.83429      2 
222.29147      3 
223.55859      4 
225.51731      3 
226.90047      2 
228.05005      1 
230.00227      2 
231.11538      3 
232.13582      4 
234.86302      3 
237.69983      2 
240.57101      1 
242.52581      2 
245.34385      3 
247.34158      4 
249.72318      3 
252.01498      2 
254.61593      1 
256.57135      2 
259.29952      3 
261.10121      4 
262.94712      3 
264.70446      2 
267.03918      1 
268.995        2 
270.9509       3 
272.35603      4 
273.6736       3 
274.90384      2 
276.97556      1 
278.00217      2 
280.87578      3 
283.76028      4 
286.5568       3 
289.26716      2 
292.07908      1 
294.03636      2 
296.82521      3 
298.81134      4 
301.09395      3 
303.2916       2 
304.8544       1 
306.8104       2 
309.53646      3 
311.39621      4 
313.17198      3 
314.86396      2 
316.17444      1 
317.36269      2 
319.22214      3 
320.57969      4 
321.86065      3 
323.96026      2 
325.01746      1 
326.03228      2 
327.93964      3 
330.82809      4 
333.62533      3 
336.32672      2 
339.13646      1 
341.94771      2 
344.4918       3 
346.06674      4 
348.3634       3 
350.57968      2 
353.14762      1 
354.3762       2 
355.9685       3 
357.24619      4 
359.26055      3 
360.99839      2 
362.33423      1 
364.29277      2 
365.74008      3 
368.15508      4 
369.49925      3 
370.76522      2 
371.86206      1 
373.82162      2 
374.85728      3 
377.72881      4 
380.60875      3 
383.40934      2 
386.27091      1 
389.11667      2 
391.73101      3 
393.23769      4 
395.65536      3 
397.99698      2 
400.62966      1 
403.37219      2 
404.72035      3 
406.75949      4 
408.72344      3 
410.61238      2 
412.0262       1 
413.24855      2 
415.19074      3 
416.6588       4 
417.97075      3 
419.91291      2 
422.09755      1 
423.21941      2 
424.41919      3 
426.95045      4 
428.02559      3 
429.02776      2 
431.99235      1 
434.92177      2 
437.69826      3 
438.98031      4 
441.62018      3 
444.1881       2 
446.93587      1 
448.90021      2 
450.86461      3 
453.14633      4 
455.35692      3 
457.49654      2 
459.03744      1 
461.00032      2 
462.70629      3 
465.01514      4 
466.80234      3 
468.51955      2 
470.84348      1 
472.04012      2 
473.42723      3 
474.68508      4 
476.73497      3 
478.03558      2 
479.15484      1 
482.0453       2 
483.09273      3 
485.04935      4 
488.00717      3 
490.8969       2 
493.80759      1 
496.69365      2 
499.3922       3 
502.06013      4 
504.69693      3 
506.58761      2 
508.30126      1 
510.26661      2 
512.12011      3 
514.52048      4 
516.67155      3 
518.7564       2 
520.2724       1 
523.00238      2 
524.33759      3 
526.40584      4 
528.16184      3 
529.85252      2 
531.17163      1 
533.94202      2 
536.10033      3 
537.53125      4 
538.8976       3 
540.19953      2 
542.31861      1 
544.2864       2 
546.25431      3 
547.30005      4 
550.28211      3 
553.20063      2 
556.12802      1 
559.02973      2 
561.76229      3 
564.45057      4 
566.05177      3 
568.59216      2 
571.33081      1 
573.29978      2 
575.26879      3 
577.55999      4 
579.78924      3 
581.95669      2 
584.50951      1 
586.47882      2 
588.44815      3 
590.36982      4 
592.23041      3 
594.03005      2 
596.39966      1 
598.36924      2 
600.33887      3 
601.89612      4 
603.39311      3 
604.83         2 
