1.1569599      1 
3.1044611      2 
4.2132007      3 
5.2167979      4 
7.9511522      3 
10.758122      2 
12.611982      1 
14.561777      2 
16.463371      3 
18.954856      4 
21.25938       3 
23.465069      2 
26.018528      1 
27.969415      2 
30.694545      3 
32.413924      4 
34.12884       3 
35.746278      2 
37.012238      1 
38.961679      2 
40.27252       3 
41.474092      4 
42.618745      3 
44.762537      2 
46.733802      1 
49.658776      2 
51.637631      3 
54.292563      4 
56.852461      3 
59.317543      2 
62.00254       1 
63.955503      2 
65.169492      3 
67.325         4 
69.319268      3 
71.220023      2 
73.623892      1 
75.577305      2 
76.777444      3 
78.631846      4 
80.068258      3 
81.412443      2 
82.542158      1 
83.617478      2 
85.458502      3 
88.393871      4 
91.281151      3 
94.076416      2 
95.931435      1 
97.885793      2 
99.795293      3 
102.30843      4 
104.65203      3 
106.90592      2 
108.4943       1 
110.44802      2 
112.17723      3 
114.47617      4 
116.2846       3 
118.00456      2 
119.32678      1 
122.09221      2 
125.02453      3 
126.38893      4 
127.66955      3 
128.86291      2 
129.91779      1 
130.92792      2 
133.89419      3 
136.81494      4 
139.575        3 
142.249        2 
145.04278      1 
147.84328      2 
149.13074      3 
151.46247      4 
153.70913      3 
155.87091      2 
158.4094       1 
161.13737      2 
162.47051      3 
164.29473      4 
166.03504      3 
167.69164      2 
168.98432      1 
170.94066      2 
173.74227      3 
175.06594      4 
176.30687      3 
177.46523      2 
178.5045       1 
181.46218      2 
183.42124      3 
186.25499      4 
189.0034       3 
191.67037      2 
194.46294      1 
197.26464      2 
199.78957      3 
201.38109      4 
203.64374      3 
205.82608      2 
208.37711      1 
210.33721      2 
213.06681      3 
215.92974      4 
217.6727       3 
219.37707      2 
221.68999      1 
224.46243      2 
226.62929      3 
227.96956      4 
229.28064      3 
230.51361      2 
232.59131      1 
234.5523       2 
236.51346      3 
239.43577      4 
242.28085      3 
245.04889      2 
247.8942       1 
249.85599      2 
252.66861      3 
254.67735      4 
257.06284      3 
259.37234      2 
260.99509      1 
263.73308      2 
265.91365      3 
267.92097      4 
269.85318      3 
271.71046      2 
273.10845      1 
275.85144      2 
278.0272       3 
279.58645      4 
281.07161      3 
282.48287      2 
284.65192      1 
286.61498      2 
287.69837      3 
289.55418      4 
290.59844      3 
293.56981      2 
296.519        1 
298.48276      2 
301.36929      3 
303.37862      4 
305.98804      3 
308.52557      2 
310.26306      1 
313.03977      2 
314.36119      3 
316.67432      4 
318.85488      3 
320.96453      2 
323.48396      1 
326.21531      2 
328.52086      3 
330.11831      4 
331.8759       3 
333.56356      2 
334.87883      1 
337.65006      2 
338.87032      3 
340.0165       4 
341.81087      3 
343.08233      2 
345.18389      1 
346.2452       2 
347.31156      3 
350.08016      4 
353.00925      3 
355.87024      2 
357.76879      1 
360.64538      2 
363.51211      3 
365.59214      4 
368.11538      3 
370.57154      2 
373.2659       1 
375.23266      2 
377.19945      3 
379.38881      4 
381.51186      3 
383.56875      2 
386.06419      1 
387.29823      2 
388.85047      3 
391.07744      4 
392.80579      3 
394.4689       2 
395.77415      1 
398.55032      2 
400.70302      3 
402.10662      4 
403.44571      3 
404.72044      2 
406.82594      1 
407.89264      2 
408.97554      3 
409.99847      4 
412.69834      3 
415.59124      2 
418.50523      1 
420.47372      2 
423.34127      3 
426.20103      4 
429.05163      3 
431.21707      2 
432.94749      1 
434.91516      2 
436.78383      3 
439.20803      4 
441.41113      3 
443.5525       2 
446.09232      1 
448.06165      2 
450.79598      3 
453.66134      4 
455.45071      3 
457.22462      2 
458.58782      1 
459.80219      2 
460.93473      3 
462.80509      4 
464.32034      3 
466.45007      2 
467.6305       1 
468.75779      2 
470.61685      3 
471.83371      4 
473.05461      3 
475.46642      2 
477.46396      1 
480.43202      2 
483.37199      3 
486.2845       4 
488.32458      3 
491.02615      2 
492.85107      1 
495.67997      2 
496.94433      3 
499.43531      4 
501.84683      3 
504.20074      2 
505.85455      1 
508.60593      2 
510.79168      3 
512.91647      4 
514.98431      3 
516.99534      2 
518.47923      1 
520.44904      2 
522.11364      3 
523.47108      4 
524.68113      3 
526.56248      2 
528.87121      1 
530.8432       2 
532.81524      3 
534.26523      4 
535.65983      3 
536.99915      2 
538.14523      1 
540.11623      2 
541.29628      3 
544.01691      4 
545.08181      3 
546.09219      2 
549.07013      1 
551.043        2 
553.96972      3 
555.97636      4 
558.71609      3 
561.40205      2 
564.21793      1 
567.0441       2 
569.63773      3 
572.28216      4 
574.07674      3 
576.44275      2 
579.09908      1 
581.07282      2 
583.04658      3 
585.20173      4 
587.30447      3 
589.35491      2 
590.86071      1 
593.59435      2 
594.93523      3 
597.02061      4 
598.8114       3 
600.55062      2 
601.90106      1 
603.11462      2 
605.04015      3 
607.68135      4 
609.16448      3 
610.59676      2 
