1.0814987      1 
2.9610526      2 
5.64375        3 
6.8963029      4 
9.1078797      3 
11.030365      2 
12.37543       1 
14.250349      2 
15.430911      3 
17.990515      4 
20.697543      3 
23.156018      2 
24.77021       1 
26.648234      2 
28.214564      3 
30.417302      4 
31.671152      3 
32.685739      2 
34.575819      1 
36.457394      2 
38.25986       3 
39.487406      4 
41.430295      3 
43.020841      2 
44.203069      1 
45.255844      2 
46.983015      3 
49.698261      4 
52.210809      3 
54.396885      2 
56.873861      1 
58.06345       2 
60.560559      3 
61.821064      4 
62.851506      3 
65.652417      2 
68.438075      1 
71.177937      2 
72.442575      3 
74.330635      4 
75.991796      3 
77.42658       2 
79.531275      1 
82.418365      2 
85.297307      3 
88.08545       4 
89.964359      3 
92.051793      2 
94.484236      1 
97.190337      2 
99.289473      3 
100.46527      4 
103.44407      3 
106.20267      2 
107.9762       1 
109.86633      2 
111.60884      3 
113.82341      4 
115.48861      3 
116.93665      2 
118.05572      1 
119.06302      2 
120.86231      3 
123.52857      4 
126.02685      3 
128.18233      2 
129.65996      1 
132.35646      2 
134.44027      3 
135.74393      4 
136.83587      3 
139.71656      2 
142.55124      1 
144.44626      2 
147.17188      3 
149.95196      4 
151.68582      3 
153.30925      2 
155.51733      1 
157.41346      2 
159.30989      3 
162.10476      4 
164.69367      3 
167.07711      2 
169.6662       1 
170.86669      2 
172.33793      3 
173.55329      4 
175.34515      3 
176.50564      2 
178.48522      1 
179.50316      2 
182.0774       3 
184.57016      4 
186.72439      3 
188.67875      2 
191.0564       1 
192.95688      2 
194.08645      3 
195.79101      4 
198.75293      3 
201.51774      2 
204.30151      1 
206.20359      2 
208.92053      3 
210.70385      4 
212.48986      3 
214.08146      2 
216.28057      1 
217.36343      2 
218.37376      3 
220.94516      4 
223.59688      3 
226.0314       2 
228.65284      1 
231.3572       2 
233.59638      3 
235.07853      4 
236.56097      3 
237.85431      2 
238.90835      1 
240.81725      2 
243.56219      3 
246.17047      4 
248.52482      3 
250.69267      2 
252.19024      1 
254.09556      2 
255.59951      3 
256.85035      4 
257.98175      3 
259.72994      2 
261.66832      1 
263.5775       2 
266.36923      3 
268.69552      4 
270.83999      3 
272.80304      2 
275.19423      1 
276.37835      2 
277.68735      3 
278.83522      4 
280.83517      3 
283.71851      2 
285.57368      1 
287.48473      2 
289.32074      3 
291.65724      4 
293.65215      3 
295.47061      2 
296.79823      1 
298.70803      2 
301.50521      3 
302.62189      4 
305.56414      3 
308.33235      2 
310.13329      1 
312.04639      2 
313.85424      3 
315.11315      4 
317.13731      3 
318.86971      2 
320.15638      1 
322.06851      2 
323.28223      3 
324.33312      4 
327.30534      3 
330.01617      2 
332.78685      1 
335.54335      2 
336.8283       3 
338.8659       4 
340.73616      3 
342.43946      2 
344.7081       1 
346.62487      2 
348.54183      3 
349.58115      4 
352.45543      3 
355.16505      2 
357.93743      1 
359.85565      2 
361.77401      3 
363.82877      4 
365.72077      3 
367.45036      2 
368.74026      1 
370.65705      2 
371.89306      3 
372.97532      4 
375.41429      3 
378.1816       2 
379.98681      1 
381.90677      2 
383.7304       3 
384.9858       4 
387.05459      3 
388.86437      2 
390.1969       1 
391.36855      2 
393.1421       3 
394.34616      4 
396.87048      3 
399.74009      2 
402.5969       1 
404.51949      2 
406.44228      3 
408.69229      4 
410.7883       3 
412.73066      2 
414.13194      1 
416.05334      2 
417.47726      3 
418.70888      4 
420.81841      3 
421.84627      2 
423.78581      1 
425.71093      2 
427.60702      3 
430.10096      4 
432.37635      3 
434.50227      2 
435.99738      1 
437.21045      2 
439.11867      3 
440.52901      4 
441.77486      3 
443.65269      2 
445.69748      1 
447.62562      2 
450.52649      3 
453.17666      4 
455.68112      3 
458.0402       2 
460.64707      1 
461.85761      2 
463.40919      3 
465.57474      4 
467.21195      3 
468.70578      2 
469.88581      1 
470.977        2 
472.75233      3 
475.64303      4 
478.43176      3 
481.07224      2 
483.82165      1 
485.75144      2 
488.48542      3 
490.34079      4 
492.2791       3 
494.07795      2 
495.41428      1 
496.5937       2 
497.69411      3 
499.35515      4 
500.6122       3 
503.60386      2 
506.51944      1 
508.45105      2 
511.26273      3 
514.06793      4 
516.05538      3 
518.20551      2 
520.7129       1 
521.93022      2 
523.41187      3 
525.57383      4 
527.05036      3 
528.39309      2 
529.50084      1 
530.53779      2 
532.37256      3 
535.21647      4 
537.92326      3 
540.46969      2 
543.17682      1 
545.9218       2 
548.29548      3 
549.8953       4 
551.78651      3 
553.54759      2 
555.86345      1 
557.03638      2 
558.3284       3 
560.64266      4 
561.75752      3 
564.74403      2 
567.67308      1 
570.54576      2 
573.1656       3 
574.5925       4 
576.94168      3 
579.16428      2 
580.71884      1 
582.65417      2 
584.30468      3 
586.57434      4 
588.16836      3 
589.63754      2 
