1.0649211      1 
3.9237027      2 
5.7677196      3 
8.1370239      4 
10.144949      3 
11.87501       2 
13.106874      1 
14.965146      2 
17.783263      3 
20.42546       4 
22.775777      3 
24.852049      2 
26.260239      1 
28.121388      2 
29.359422      3 
31.842838      4 
34.55964       3 
37.004854      2 
38.598776      1 
40.462925      2 
41.968936      3 
43.174645      4 
45.065178      3 
47.901753      2 
50.686769      1 
53.411838      2 
55.675196      3 
57.151376      4 
58.664319      3 
59.914363      2 
61.908362      1 
63.779144      2 
66.547804      3 
68.752295      4 
70.696901      3 
72.382221      2 
73.600793      1 
74.670964      2 
77.616835      3 
80.403331      4 
82.801156      3 
84.943258      2 
87.386828      1 
88.563592      2 
89.832029      3 
90.909038      4 
93.847375      3 
96.467471      2 
98.1569        1 
100.03064      2 
101.66388      3 
103.8366       4 
105.20435      3 
106.32336      2 
109.25862      1 
112.07956      2 
114.50799      3 
115.96858      4 
117.85245      3 
119.491        2 
120.6929       1 
122.56755      2 
125.40393      3 
128.08151      4 
130.5019       3 
132.68035      2 
134.15562      1 
136.03319      2 
137.42537      3 
138.5788       4 
141.56848      3 
144.30689      2 
147.05677      1 
148.9382       2 
150.8198       3 
152.60919      4 
154.1627       3 
155.48086      2 
156.52392      1 
158.41314      2 
159.46795      3 
161.95089      4 
164.3258       3 
166.24323      2 
167.59272      1 
169.47462      2 
170.68773      3 
173.23927      4 
176.00462      3 
178.54058      2 
181.19415      1 
183.0804       2 
184.96676      3 
186.59231      4 
187.99156      3 
189.16503      2 
192.13907      1 
194.02665      2 
195.91467      3 
198.19024      4 
200.24263      3 
202.07235      2 
204.37639      1 
205.51186      2 
206.64729      3 
209.03593      4 
211.76499      3 
214.26942      2 
215.91773      1 
217.10705      2 
219.08695      3 
220.48726      4 
222.52148      3 
223.71884      2 
226.70944      1 
229.59092      2 
232.142        3 
234.61973      4 
237.15874      3 
238.86722      2 
240.22136      1 
242.11257      2 
243.366        3 
244.42081      4 
246.79554      3 
249.44541      2 
251.16358      1 
253.05805      2 
254.76556      3 
256.9728       4 
258.56352      3 
259.94647      2 
261.03698      1 
263.93108      2 
265.82653      3 
268.4097       4 
270.76089      3 
272.90715      2 
274.3848       1 
275.58175      2 
276.67262      3 
278.3071       4 
279.54515      3 
282.52173      2 
285.38393      1 
288.17606      2 
289.40472      3 
291.52751      4 
293.4505       3 
295.17415      2 
296.44244      1 
298.34058      2 
299.4694       3 
302.12239      4 
304.86314      3 
307.40041      2 
310.07075      1 
311.25977      2 
312.80567      3 
314.93119      4 
316.49228      3 
317.85947      2 
319.94655      1 
321.85078      2 
324.7458       3 
327.34189      4 
329.74631      3 
331.9595       2 
333.47732      1 
335.38037      2 
336.90289      3 
339.17303      4 
340.43669      3 
341.51175      2 
344.45505      1 
347.31063      2 
349.84691      3 
352.35563      4 
354.01379      3 
355.96636      2 
357.35657      1 
359.26175      2 
360.61826      3 
363.03573      4 
364.06468      3 
366.91018      2 
369.74113      1 
370.86625      2 
373.53052      3 
375.64644      4 
377.58102      3 
379.33468      2 
381.62151      1 
382.76295      2 
383.93928      3 
384.96798      4 
387.92215      3 
390.59896      2 
392.35271      1 
394.26333      2 
396.97896      3 
398.94611      4 
400.73687      3 
402.35164      2 
404.57153      1 
406.48377      2 
407.52286      3 
410.47301      4 
413.2139       3 
415.78123      2 
418.47805      1 
419.66337      2 
422.24392      3 
424.12096      4 
425.82642      3 
427.3607       2 
429.54274      1 
431.45736      2 
432.46791      3 
435.38679      4 
438.07105      3 
440.58649      2 
443.25975      1 
445.17589      2 
446.38357      3 
448.34485      4 
450.02194      3 
451.53253      2 
453.70505      1 
455.62199      2 
456.62814      3 
458.46629      4 
461.16054      3 
463.68009      2 
465.36321      1 
466.55343      2 
468.6793       3 
471.11297      4 
472.81707      3 
474.35921      2 
475.55438      1 
476.64849      2 
478.40132      3 
481.27529      4 
484.02419      3 
486.60235      2 
488.31664      1 
491.05239      2 
493.15293      3 
495.09581      4 
496.88079      3 
498.50823      2 
500.74365      1 
502.66508      2 
503.73179      3 
505.50877      4 
508.35392      3 
511.04369      2 
512.81517      1 
515.57612      2 
516.86278      3 
519.01858      4 
520.93682      3 
522.70182      2 
524.01418      1 
525.93561      2 
527.2252       3 
528.364        4 
530.70316      3 
533.5561       2 
535.40996      1 
537.33468      2 
539.19404      3 
541.58135      4 
543.68381      3 
545.63722      2 
547.04633      1 
548.97004      2 
550.41203      3 
551.65644      4 
552.80107      3 
554.67577      2 
556.63636      1 
558.56386      2 
560.47001      3 
563.00494      4 
565.3412       3 
567.53248      2 
570.05575      1 
572.76784      2 
574.99652      3 
576.46856      4 
577.93989      3 
579.26822      2 
580.36388      1 
581.3853       2 
584.33333      3 
587.20532      4 
589.8236       3 
592.30085      2 
