2.0284271      1 
4.8535132      2 
6.6793484      3 
8.6902538      4 
10.354169      3 
11.671894      2 
13.658338      1 
16.474603      2 
19.186181      3 
20.885149      4 
22.483848      3 
23.741114      2 
25.700252      1 
27.532086      2 
29.284297      3 
31.435072      4 
32.996939      3 
34.222068      2 
37.166504      1 
38.998913      2 
40.831846      3 
42.717756      4 
44.270788      3 
45.491709      2 
48.436351      1 
50.271063      2 
51.406674      3 
53.353548      4 
54.925355      3 
56.169615      2 
58.12917       1 
60.933051      2 
62.802686      3 
64.74429       4 
66.362103      3 
67.656871      2 
69.643382      1 
72.471067      2 
75.197271      3 
76.934381      4 
78.625056      3 
79.997127      2 
82.024306      1 
84.865532      2 
87.612623      3 
90.333398      4 
91.990593      3 
93.466394      2 
94.550066      1 
96.401474      2 
98.972913      3 
100.2771       4 
102.29525      3 
103.90084      2 
106.04931      1 
108.89479      2 
110.74091      3 
113.11401      4 
115.18074      3 
116.94184      2 
119.1702       1 
121.01788      2 
122.87207      3 
125.43346      4 
127.67684      3 
129.61878      2 
130.94579      1 
132.79269      2 
133.83477      3 
136.41968      4 
138.92002      3 
141.06781      2 
143.49351      1 
145.34556      2 
146.43988      3 
149.41615      4 
152.08768      3 
154.46598      2 
156.01532      1 
157.86776      2 
159.28478      3 
160.42439      4 
162.43584      3 
165.07451      2 
167.74659      1 
169.60287      2 
171.4593       3 
172.94234      4 
174.13951      3 
177.05148      2 
178.86858      1 
180.72693      2 
182.4359       3 
184.58979      4 
186.08552      3 
187.29996      2 
189.26752      1 
191.12903      2 
193.86972      3 
195.96546      4 
197.78313      3 
199.32338      2 
200.45887      1 
203.31712      2 
205.17914      3 
207.65668      4 
209.81936      3 
211.70843      2 
213.02279      1 
215.76251      2 
216.79699      3 
218.62081      4 
221.17181      3 
223.4324       2 
224.93474      1 
227.61407      2 
229.65977      3 
230.84715      4 
233.76778      3 
236.42226      2 
238.12181      1 
239.29187      2 
241.26408      3 
242.63429      4 
244.62402      3 
245.69448      2 
248.59855      1 
250.46799      2 
252.33779      3 
254.36434      4 
256.13141      3 
257.63961      2 
258.76818      1 
260.63642      2 
263.383        3 
265.92853      4 
268.15127      3 
270.11868      2 
271.48164      1 
274.20197      2 
275.29685      3 
278.26858      4 
280.9682       3 
283.41601      2 
286.01416      1 
287.889        2 
289.07255      3 
290.78572      4 
291.98316      3 
294.93225      2 
297.78263      1 
300.5479       2 
302.89064      3 
304.39135      4 
306.10725      3 
307.57822      2 
308.69486      1 
310.57106      2 
313.32237      3 
315.88359      4 
318.13833      3 
320.15149      2 
321.5443       1 
322.71104      2 
324.40137      3 
325.46483      4 
328.05844      3 
330.65359      2 
332.32781      1 
333.50854      2 
335.49276      3 
336.88283      4 
338.06757      3 
339.76487      2 
341.72712      1 
343.61137      2 
346.381        3 
348.6039       4 
350.59453      3 
352.3534       2 
354.61752      1 
357.39256      2 
359.38793      3 
362.19344      4 
364.80159      3 
367.18117      2 
368.76318      1 
370.64799      2 
372.19619      3 
373.44155      4 
375.33536      3 
376.3546       2 
379.25155      1 
381.13945      2 
383.02766      3 
385.15042      4 
387.05035      3 
388.72796      2 
390.95615      1 
392.84533      2 
394.73482      3 
397.52826      4 
400.10193      3 
402.45634      2 
405.02407      1 
407.71587      2 
409.89256      3 
411.26974      4 
412.53539      3 
413.58479      2 
416.50141      1 
418.39384      2 
420.28661      3 
422.47598      4 
424.45158      3 
426.2139       2 
427.4947       1 
428.62205      2 
429.66421      3 
431.19603      4 
434.0431       3 
436.57934      2 
438.22654      1 
439.4177       2 
441.41188      3 
443.85258      4 
445.30103      3 
446.54204      2 
448.5591       1 
450.45835      2 
453.28493      3 
455.70089      4 
457.91176      3 
459.91803      2 
461.32586      1 
462.50837      2 
464.25987      3 
465.46278      4 
468.46014      3 
471.24865      2 
474.04195      1 
475.94169      2 
477.84161      3 
479.8276       4 
481.61411      3 
483.2016       2 
485.39636      1 
486.47426      2 
489.19587      3 
491.99245      4 
494.59171      3 
496.99468      2 
498.60427      1 
500.50525      2 
502.12576      3 
504.34665      4 
505.77498      3 
507.00972      2 
508.03124      1 
510.93517      2 
512.82644      3 
515.34033      4 
517.61382      3 
519.69639      2 
522.14251      1 
524.85257      2 
526.99027      3 
529.74372      4 
530.87506      3 
533.82129      2 
535.70277      1 
537.60938      2 
539.45134      3 
541.79716      4 
543.80838      3 
545.63388      2 
546.9604       1 
549.70829      2 
551.76935      3 
552.85627      4 
555.75962      3 
558.4798       2 
560.25261      1 
562.16102      2 
564.87941      3 
566.87117      4 
568.68187      3 
570.31193      2 
571.54227      1 
573.44977      2 
574.54293      3 
577.24396      4 
579.9861       3 
582.54102      2 
585.22936      1 
587.14087      2 
589.05247      3 
590.89885      4 
592.56911      3 
594.06366      2 
