2.0399759      1 
3.882999       2 
6.63031        3 
8.733057       4 
10.511642      3 
11.966812      2 
14.03323       1 
15.879403      2 
17.69102       3 
19.974564      4 
21.823802      3 
23.35407       2 
25.460319      1 
28.301267      2 
31.099597      3 
32.890995      4 
34.837404      3 
36.469227      2 
37.632531      1 
39.471704      2 
42.174731      3 
44.646632      4 
46.716365      3 
48.475837      2 
49.706225      1 
50.764063      2 
52.423561      3 
55.037077      4 
57.427298      3 
59.340153      2 
60.650223      1 
62.494712      2 
65.339337      3 
68.03536       4 
70.428771      3 
72.52039       2 
74.915803      1 
76.765588      2 
78.615594      3 
81.506984      4 
84.100043      3 
86.395458      2 
87.901344      1 
89.078482      2 
90.767423      3 
91.884305      4 
94.307712      3 
96.852499      2 
99.467844      1 
101.32193      2 
102.49384      3 
104.14502      4 
105.21127      3 
107.988        2 
109.73637      1 
112.43703      2 
115.19271      3 
116.75402      4 
118.09313      3 
119.14671      2 
122.03082      1 
123.88881      2 
126.59157      3 
128.30537      4 
129.94109      3 
131.2952       2 
133.33188      1 
136.1915       2 
138.05178      3 
140.28591      4 
142.24165      3 
143.91965      2 
146.12039      1 
147.98194      2 
150.84395      3 
153.41736      4 
155.71621      3 
157.74114      2 
160.11713      1 
161.98076      2 
163.05987      3 
166.01735      4 
168.68209      3 
171.07666      2 
173.63908      1 
175.50477      2 
176.67311      3 
177.73839      4 
179.12076      3 
181.90739      2 
184.66749      1 
187.38249      2 
189.62746      3 
191.09269      4 
192.55626      3 
193.75705      2 
195.72696      1 
197.5976       2 
199.4212       3 
201.71866      4 
203.61458      3 
205.25131      2 
206.44527      1 
208.31285      2 
211.12338      3 
213.75458      4 
216.10438      3 
218.19857      2 
220.61827      1 
222.49106      2 
224.36401      3 
225.44163      4 
228.26657      3 
230.83941      2 
232.50553      1 
234.37917      2 
235.98914      3 
237.24095      4 
239.06438      3 
240.13679      2 
242.05066      1 
244.85726      2 
246.80175      3 
248.88534      4 
250.72314      3 
252.31573      2 
254.48999      1 
257.32477      2 
260.2533       3 
262.11247      4 
264.48743      3 
266.62054      2 
269.06653      1 
270.9462       2 
272.826        3 
273.99729      4 
276.9295       3 
279.6232       2 
281.35571      1 
283.23651      2 
284.92555      3 
286.19097      4 
288.02244      3 
289.29651      2 
291.31625      1 
294.199        2 
296.0823       3 
298.4208       4 
300.52675      3 
302.4007       2 
304.72217      1 
306.60661      2 
308.49126      3 
311.4425       4 
314.16439      3 
316.65746      2 
318.2956       1 
320.1806       2 
322.86927      3 
324.45232      4 
325.80917      3 
326.94035      2 
328.89429      1 
330.78305      2 
333.55437      3 
335.78803      4 
337.7986       3 
339.58659      2 
341.86983      1 
343.75893      2 
344.81038      3 
347.75091      4 
350.43371      3 
352.89699      2 
355.51895      1 
357.40986      2 
359.30087      3 
360.89114      4 
362.26441      3 
363.42119      2 
366.39149      1 
368.2837       2 
371.07125      3 
372.94585      4 
375.02759      3 
376.89582      2 
378.22987      1 
380.12107      2 
381.34097      3 
382.35995      4 
384.80281      3 
387.41891      2 
389.11764      1 
391.83048      2 
393.11571      3 
395.06359      4 
396.6153       3 
397.95931      2 
399.02987      1 
400.92879      2 
403.66827      3 
406.25642      4 
408.56912      3 
410.67699      2 
412.13551      1 
414.03152      2 
415.45691      3 
417.79133      4 
418.88206      3 
421.77077      2 
424.61407      1 
426.51366      2 
429.24749      3 
431.07407      4 
432.95962      3 
434.64593      2 
436.88998      1 
438.79066      2 
439.83007      3 
442.76725      4 
445.46419      3 
447.96463      2 
449.62237      1 
450.81374      2 
452.84645      3 
455.28161      4 
456.80628      3 
458.13715      2 
459.20808      1 
461.11298      2 
463.8784       3 
466.49541      4 
468.86391      3 
471.04128      2 
472.54129      1 
474.44431      2 
477.16351      3 
478.5807       4 
479.80894      3 
480.84866      2 
482.77593      1 
485.62008      2 
487.58705      3 
489.87704      4 
491.98068      3 
493.8984       2 
496.2647       1 
498.1721       2 
500.07965      3 
501.25794      4 
504.25244      3 
507.06357      2 
508.88105      1 
510.78965      2 
513.52229      3 
515.60415      4 
517.50476      3 
519.22451      2 
521.49445      1 
522.6269       2 
523.77856      3 
526.22465      4 
529.04639      3 
531.68977      2 
534.4222       1 
537.15957      2 
539.49475      3 
541.05284      4 
542.81054      3 
544.39234      2 
546.59578      1 
547.68907      2 
548.74105      3 
551.72051      4 
554.42881      3 
556.96362      2 
559.64423      1 
561.55806      2 
563.47198      3 
565.3168       4 
566.99011      3 
568.49232      2 
569.66251      1 
571.57476      2 
574.48422      3 
577.30665      4 
579.9592       3 
582.443        2 
585.1005       1 
587.81883      2 
590.10894      3 
591.651        4 
593.29683      3 
594.77622      2 
595.93716      1 
597.00377      2 
599.99357      3 
601.70659      4 
604.37161      3 
606.86039      2 
