2.0353567      1 
3.8736684      2 
6.6115999      3 
8.6776102      4 
10.410327      3 
11.810519      2 
13.844832      1 
15.685262      2 
18.425991      3 
20.503726      4 
22.252748      3 
23.673815      2 
24.722294      1 
26.569795      2 
29.063097      3 
30.407523      4 
32.360877      3 
33.830022      2 
35.903425      1 
37.749628      2 
39.563425      3 
41.855149      4 
43.718202      3 
45.262254      2 
47.375387      1 
50.216318      2 
52.057979      3 
54.333356      4 
56.293391      3 
57.938808      2 
60.104856      1 
61.948         2 
64.791762      3 
67.185943      4 
69.269114      3 
71.041993      2 
73.273937      1 
74.334018      2 
76.914126      3 
79.482449      4 
81.714555      3 
83.640632      2 
85.951258      1 
87.798836      2 
89.646741      3 
92.355741      4 
94.762223      3 
96.866882      2 
98.27541       1 
99.429021      2 
101.04296      3 
103.7917       4 
106.41246      3 
108.72074      2 
110.23301      1 
112.08299      2 
113.44209      3 
114.53361      4 
117.46459      3 
120.00117      2 
122.62283      1 
124.47691      2 
126.33112      3 
127.70012      4 
128.77891      3 
131.56815      2 
134.31804      1 
137.02062      2 
139.22991      3 
140.65662      4 
142.0081       3 
143.07402      2 
144.96662      1 
146.8254       2 
148.58747      3 
150.77794      4 
152.42586      3 
153.79213      2 
155.83489      1 
157.69989      2 
160.48441      3 
162.73059      4 
164.69837      3 
166.38837      2 
168.5951       1 
171.40245      2 
174.33071      3 
177.12428      4 
178.95271      3 
180.98947      2 
183.37136      1 
185.23498      2 
186.31793      3 
187.97209      4 
190.65134      3 
193.05759      2 
194.63221      1 
196.49628      2 
197.97884      3 
200.21038      4 
201.27499      3 
204.07314      2 
205.8434       1 
207.71065      2 
210.39266      3 
212.13103      4 
213.60598      3 
214.81812      2 
216.79359      1 
219.64147      2 
222.40462      3 
224.22935      4 
226.13649      3 
227.78443      2 
229.97939      1 
231.85017      2 
233.72578      3 
236.35411      4 
238.71498      3 
240.82021      2 
243.24542      1 
245.1182       2 
246.23864      3 
247.88302      4 
250.71888      3 
253.30262      2 
255.96849      1 
257.14935      2 
259.65437      3 
261.2354       4 
262.56721      3 
263.65036      2 
265.56949      1 
267.44666      2 
269.25698      3 
271.52937      4 
273.37779      3 
274.98097      2 
277.16052      1 
278.20818      2 
280.86982      3 
283.51836      4 
285.90379      3 
288.04736      2 
290.49855      1 
292.37821      2 
294.258        3 
295.43965      4 
298.3822       3 
301.0862       2 
303.81892      1 
305.7004       2 
308.39042      3 
310.03083      4 
311.55033      3 
312.83456      2 
314.85939      1 
316.74564      2 
318.60832      3 
321.03058      4 
323.14659      3 
325.03056      2 
326.36325      1 
328.24513      2 
329.42933      3 
332.00279      4 
334.73832      3 
337.24128      2 
338.8843       1 
340.07296      2 
342.02986      3 
343.4178       4 
345.45695      3 
346.59787      2 
349.55563      1 
352.40499      2 
354.89746      3 
357.36795      4 
359.94523      3 
361.60432      2 
363.89235      1 
365.78144      2 
367.67077      3 
370.58312      4 
373.27542      3 
375.74819      2 
377.38086      1 
379.27043      2 
381.96157      3 
383.56124      4 
384.94389      3 
386.11002      2 
388.08557      1 
390.95601      2 
392.8698       3 
395.17483      4 
397.26582      3 
399.14327      2 
401.4757       1 
403.36933      2 
405.26315      3 
406.29134      4 
409.10843      3 
411.71491      2 
413.41812      1 
416.1323       2 
417.41734      3 
419.3694       4 
420.9301       3 
422.28308      2 
424.35614      1 
427.25254      2 
429.14944      3 
431.67635      4 
433.99792      3 
436.11463      2 
437.57757      1 
439.47359      2 
440.90501      3 
442.10773      4 
444.16403      3 
447.06147      2 
449.90912      1 
451.80871      2 
454.5442       3 
457.32369      4 
459.10064      3 
460.79556      2 
462.04934      1 
464.83337      2 
465.88203      3 
467.75254      4 
470.46433      3 
472.97326      2 
475.62947      1 
476.82176      2 
479.36444      3 
481.09178      4 
482.62484      3 
483.96408      2 
485.03931      1 
487.94086      2 
489.8422       3 
492.43689      4 
494.81368      3 
496.9993       2 
498.50342      1 
500.40645      2 
503.12446      3 
504.54983      4 
505.78623      3 
506.8341       2 
508.76535      1 
510.67221      2 
513.45634      3 
515.75441      4 
517.8661       3 
519.79185      2 
521.16864      1 
522.34743      2 
524.10586      3 
525.30776      4 
527.79248      3 
530.61153      2 
533.42928      1 
536.20352      2 
538.60743      3 
540.15452      4 
542.06296      3 
543.79053      2 
545.0701       1 
546.97757      2 
548.16185      3 
549.17077      4 
552.13835      3 
554.78943      2 
556.53052      1 
558.4411       2 
560.20206      3 
562.45454      4 
564.21987      3 
565.80926      2 
567.02136      1 
568.93121      2 
569.99801      3 
572.9876       4 
575.70341      3 
578.24572      2 
579.9355       1 
581.84819      2 
583.57246      3 
584.86434      4 
586.79663      3 
588.30623      2 
589.48019      1 
591.39243      2 
594.30493      3 
597.13407      4 
599.79393      3 
602.28502      2 
