1.0269279      1 
2.8619798      2 
5.2779741      3 
7.6342183      4 
9.2751996      3 
10.565435      2 
13.535498      1 
15.360876      2 
17.186855      3 
19.082169      4 
20.63076       3 
21.833426      2 
24.762018      1 
27.53274       2 
29.806511      3 
32.222334      4 
33.612991      3 
34.75678       2 
36.660376      1 
39.418098      2 
42.128306      3 
43.76907       4 
45.218761      3 
46.331972      2 
48.222851      1 
50.056521      2 
52.733521      3 
54.508541      4 
55.950939      3 
57.061481      2 
59.950968      1 
61.78591       2 
64.466336      3 
66.097012      4 
67.559705      3 
68.695103      2 
70.601376      1 
72.439707      2 
74.171656      3 
76.310635      4 
77.820834      3 
79.008236      2 
80.94223       1 
83.729231      2 
86.448628      3 
89.205927      4 
90.732689      3 
91.998869      2 
93.973662      1 
96.794021      2 
98.656617      3 
100.65668      4 
102.34203      3 
103.71339      2 
104.74343      1 
106.59754      2 
107.68102      3 
109.94521      4 
111.30262      3 
113.11276      2 
115.2098       1 
118.20424      2 
119.921        3 
122.19204      4 
124.15696      3 
125.81646      2 
126.99853      1 
128.02092      2 
130.87713      3 
133.58273      4 
135.7257       3 
137.56746      2 
139.83835      1 
140.92732      2 
143.5212       3 
146.17326      4 
148.51932      3 
150.5683       2 
151.9513       1 
153.80074      2 
156.58711      3 
159.45463      4 
162.02847      3 
164.30933      2 
166.80361      1 
169.48102      2 
171.54516      3 
174.32293      4 
177.13651      3 
179.67353      2 
182.29772      1 
184.97231      2 
187.10649      3 
188.41035      4 
189.51251      3 
192.32968      2 
194.10022      1 
196.81104      2 
198.81275      3 
200.4965       4 
201.89852      3 
203.01948      2 
205.93954      1 
208.73448      2 
209.9171       3 
211.92021      4 
213.64547      3 
215.09351      2 
216.18189      1 
219.04198      2 
221.86188      3 
224.20745      4 
226.27898      3 
228.07711      2 
230.34007      1 
232.20384      2 
234.06915      3 
236.78111      4 
239.22165      3 
241.39255      2 
243.84356      1 
245.7094       2 
246.83473      3 
247.86289      4 
250.73935      3 
253.30538      2 
254.9613       1 
256.82801      2 
258.41008      3 
260.58619      4 
261.83169      3 
264.8149       2 
267.6754       1 
270.44056      2 
272.77285      3 
274.26267      4 
275.94351      3 
277.36567      2 
279.4479       1 
281.32329      2 
284.15556      3 
286.54895      4 
288.68663      3 
290.56919      2 
291.88957      1 
293.75977      2 
294.87893      3 
297.47082      4 
300.10546      3 
302.46958      2 
304.03248      1 
305.2239       2 
307.04331      3 
308.34161      4 
310.51959      3 
313.38614      2 
315.19909      1 
317.07569      2 
318.81933      3 
321.01647      4 
322.65079      3 
324.04035      2 
325.11533      1 
327.99188      2 
330.82951      3 
333.24571      4 
335.41997      3 
337.35285      2 
338.70545      1 
339.85736      2 
341.52931      3 
344.33156      4 
347.06867      3 
349.56489      2 
352.19405      1 
354.07574      2 
355.95754      3 
357.50697      4 
358.82106      3 
359.90036      2 
362.82269      1 
364.70588      2 
366.58944      3 
368.73496      4 
370.64838      3 
372.33024      2 
374.55595      1 
375.64231      2 
378.3223       3 
381.08417      4 
383.61617      3 
385.91979      2 
388.45762      1 
390.34406      2 
392.2306       3 
393.62594      4 
394.79551      3 
397.73984      2 
399.60228      1 
402.38469      2 
403.61054      3 
405.72059      4 
407.54645      3 
409.15017      2 
411.34151      1 
414.16555      2 
416.1208       3 
418.84104      4 
421.34167      3 
423.62321      2 
425.16119      1 
427.05047      2 
428.55893      3 
430.81512      4 
432.00873      3 
434.98626      2 
436.86949      1 
438.76243      2 
441.50329      3 
443.62145      4 
445.526        3 
447.21744      2 
448.46247      1 
449.56892      2 
450.58969      3 
453.5029       4 
456.26715      3 
458.69018      2 
460.30284      1 
462.19693      2 
463.80316      3 
466.01691      4 
467.39626      3 
468.56831      2 
470.55128      1 
472.44931      2 
474.32004      3 
475.48751      4 
477.66486      3 
479.60313      2 
480.97695      1 
483.70243      2 
485.76701      3 
486.8922       4 
489.81528      3 
492.53672      2 
495.29657      1 
498.03602      2 
499.31625      3 
501.23578      4 
502.95599      3 
504.47734      2 
505.64318      1 
506.69926      2 
509.65747      3 
512.49842      4 
515.03229      3 
517.37003      2 
519.94096      1 
521.84347      2 
523.04166      3 
524.83619      4 
526.20003      3 
527.37043      2 
529.35936      1 
531.26426      2 
534.08226      3 
536.48337      4 
538.69325      3 
540.71236      2 
542.13353      1 
544.84701      2 
546.93707      3 
548.19746      4 
549.26926      3 
552.1529       2 
555.00058      1 
557.78985      2 
560.2167       3 
561.74815      4 
563.6975       3 
565.46128      2 
567.75087      1 
570.51822      2 
571.61707      3 
572.64284      4 
575.48517      3 
578.14448      2 
580.88256      1 
582.79165      2 
584.70087      3 
586.63232      4 
588.38284      3 
589.95286      2 
591.1528       1 
593.06032      2 
594.09314      3 
596.83513      4 
599.52807      3 
602.02377      2 
