1.9939113      1 
4.779694       2 
6.5759075      3 
8.3112881      4 
9.6311937      3 
12.536581      2 
14.286899      1 
16.080737      2 
18.718209      3 
19.975054      4 
22.822134      3 
25.260394      2 
27.775562      1 
29.572233      2 
32.294292      3 
35.07595       4 
37.484193      3 
39.489235      2 
41.790876      1 
42.861936      2 
45.330952      3 
47.779823      4 
49.78275       3 
51.388017      2 
53.492509      1 
56.482718      2 
59.160591      3 
61.776086      4 
63.284385      3 
64.522862      2 
67.446269      1 
69.251129      2 
71.056516      3 
72.735232      4 
74.026252      3 
76.930469      2 
79.68933       1 
81.497062      2 
82.659491      3 
84.246789      4 
87.230315      3 
89.832355      2 
92.44291       1 
94.25326       2 
96.929724      3 
98.010454      4 
100.7182       3 
103.04971      2 
104.5345       1 
105.68805      2 
107.23872      3 
110.22315      4 
112.6864       3 
114.77858      2 
117.13975      1 
118.25324      2 
121.24946      3 
123.86588      4 
126.11548      3 
127.99911      2 
129.26422      1 
130.32428      2 
133.19313      3 
135.85173      4 
137.91811      3 
139.62355      2 
141.7965       1 
143.61783      2 
145.43727      3 
147.77523      4 
149.68839      3 
151.24558      2 
153.34681      1 
156.16932      2 
157.99265      3 
160.13409      4 
161.92364      3 
163.36209      2 
165.4063       1 
168.23132      2 
170.05711      3 
172.09928      4 
173.79439      3 
175.14324      2 
176.14499      1 
178.97474      2 
180.74613      3 
181.94007      4 
183.70876      3 
184.99672      2 
186.97087      1 
189.77949      2 
191.63081      3 
193.5606       4 
195.15282      3 
196.40822      2 
198.3687       1 
201.16888      2 
203.88266      3 
205.58129      4 
207.16425      3 
208.41503      2 
210.37551      1 
213.1779       2 
215.89435      3 
217.60123      4 
219.20256      3 
220.47626      2 
222.45022      1 
225.26542      2 
227.12396      3 
229.09474      4 
230.74166      3 
232.06547      2 
233.06622      1 
235.9074       2 
237.69718      3 
239.91297      4 
241.63236      3 
243.03307      2 
245.07457      1 
247.91574      2 
249.00075      3 
251.14811      4 
252.96646      3 
254.47051      2 
255.56864      1 
258.41014      2 
260.24157      3 
261.38528      4 
262.42595      3 
264.08985      2 
266.25223      1 
268.09769      2 
269.94564      3 
272.38955      4 
274.48383      3 
276.2724       2 
277.51983      1 
278.5914       2 
280.23499      3 
282.88451      4 
284.14028      3 
286.17743      2 
287.51804      1 
289.36499      2 
292.18387      3 
294.95381      4 
297.42569      3 
299.60022      2 
301.04592      1 
302.89561      2 
305.64254      3 
308.63444      4 
311.33238      3 
313.73705      2 
316.293        1 
317.47557      2 
319.93235      3 
321.17065      4 
324.11904      3 
326.77818      2 
329.46321      1 
332.14744      2 
333.39828      3 
334.90708      4 
336.12996      3 
339.06756      2 
340.89725      1 
343.63554      2 
345.61043      3 
347.4135       4 
348.93458      3 
350.17431      2 
352.15424      1 
354.01582      2 
355.82925      3 
358.10174      4 
359.94441      3 
361.5096       2 
363.65404      1 
366.51048      2 
368.378        3 
370.83964      4 
373.02697      3 
374.94064      2 
377.26119      1 
379.99954      2 
381.04492      3 
383.8702       4 
386.42495      3 
388.70979      2 
390.2242       1 
391.40913      2 
392.48421      3 
393.97976      4 
396.68241      3 
399.36523      2 
402.07137      1 
403.9391       2 
405.80697      3 
407.42671      4 
408.7833       3 
409.87735      2 
412.79321      1 
413.8593       2 
416.52055      3 
418.57048      4 
420.36089      3 
421.89236      2 
423.03279      1 
424.03998      2 
425.80425      3 
428.40619      4 
430.83528      3 
432.82564      2 
435.19362      1 
437.06648      2 
438.15341      3 
441.13665      4 
443.85896      3 
446.3294       2 
447.94495      1 
449.81838      2 
451.37416      3 
452.61038      4 
454.47019      3 
457.44161      2 
459.30601      1 
461.18288      2 
463.89736      3 
465.88089      4 
467.61887      3 
469.11186      2 
470.23973      1 
471.24197      2 
474.11457      3 
476.87326      4 
479.14976      3 
481.18464      2 
483.5817       1 
485.46143      2 
486.57523      3 
487.59845      4 
490.4819       3 
493.07871      2 
495.75801      1 
498.45823      2 
500.68164      3 
502.13506      4 
503.5486       3 
504.72712      2 
507.69906      1 
508.72305      2 
511.46246      3 
513.7063       4 
515.7178       3 
517.49751      2 
519.77201      1 
521.65651      2 
523.54128      3 
526.39915      4 
529.02789      3 
531.42802      2 
534.01392      1 
535.90029      2 
537.78676      3 
539.27772      4 
540.5427       3 
541.58221      2 
544.48928      1 
547.30065      2 
549.73425      3 
551.21879      4 
553.13875      3 
554.83635      2 
556.07982      1 
557.18165      2 
558.86169      3 
561.68177      4 
564.30662      3 
566.68075      2 
569.25829      1 
571.14928      2 
573.84915      3 
575.30882      4 
576.59395      3 
577.66279      2 
580.58913      1 
582.48152      2 
584.37426      3 
586.5829       4 
588.57772      3 
590.35921      2 
591.64967      1 
592.78219      2 
594.47351      3 
597.30549      4 
600.03519      3 
602.54704      2 
