2.9891447      1 
5.7631646      2 
7.967369       3 
9.3280897      4 
10.602127      3 
13.452537      2 
16.166148      1 
18.80978       2 
19.997906      3 
21.163541      4 
23.910406      3 
26.239465      2 
28.69564       1 
30.48777       2 
33.249572      3 
35.908587      4 
38.163014      3 
40.005378      2 
42.221299      1 
44.015936      2 
46.811309      3 
49.014893      4 
50.811139      3 
52.200986      2 
54.193336      1 
56.984738      2 
58.789116      3 
60.562707      4 
61.93456       3 
64.905598      2 
67.690877      1 
69.491628      2 
71.292664      3 
72.669662      4 
75.650443      3 
78.235919      2 
80.83132       1 
82.634787      2 
83.75679       3 
85.246067      4 
87.86864       3 
90.101342      2 
91.52999       1 
93.333154      2 
94.399129      3 
96.862935      4 
99.24354       3 
101.15581      2 
103.42041      1 
105.22884      2 
107.04689      3 
109.46354      4 
111.46649      3 
113.09022      2 
115.21315      1 
118.02408      2 
120.7848       3 
122.51291      4 
124.25356      3 
125.6202       2 
128.61693      1 
131.42461      2 
133.72087      3 
136.08377      4 
138.72747      3 
139.8605       2 
142.74653      1 
144.56306      2 
147.22493      3 
148.77575      4 
150.08465      3 
153.02976      2 
155.82053      1 
156.94823      2 
159.42411      3 
160.92235      4 
162.06096      3 
164.84077      2 
167.55142      1 
169.37309      2 
170.53884      3 
172.14034      4 
175.13849      3 
177.78277      2 
179.43399      1 
182.08868      2 
183.29313      3 
184.35212      4 
187.26353      3 
189.80163      2 
191.40266      1 
193.22771      2 
195.90727      3 
197.05735      4 
199.86243      3 
202.32329      2 
203.88836      1 
206.54236      2 
207.71222      3 
209.38713      4 
212.13879      3 
214.55098      2 
217.08766      1 
218.25858      2 
219.52184      3 
220.55684      4 
223.41928      3 
225.81094      2 
227.34627      1 
230.00497      2 
232.00686      3 
233.06695      4 
235.79607      3 
238.19498      2 
239.7362       1 
241.57015      2 
242.92061      3 
243.98367      4 
246.09059      3 
248.5537       2 
251.10793      1 
252.946        2 
254.78421      3 
255.92254      4 
258.73894      3 
261.23413      2 
262.82765      1 
264.66648      2 
266.10108      3 
268.32854      4 
271.22881      3 
273.8123       2 
276.44583      1 
277.62058      2 
279.0054       3 
281.00537      4 
282.01585      3 
284.71391      2 
287.40683      1 
290.08487      2 
291.3255       3 
292.78102      4 
293.9277       3 
296.76624      2 
298.53592      1 
300.38258      2 
303.04926      3 
304.66234      4 
305.97082      3 
306.9754       2 
308.82888      1 
310.6783       2 
313.36097      3 
315.15693      4 
316.65249      3 
317.84831      2 
319.79773      1 
321.65002      2 
323.43299      3 
325.64368      4 
327.35122      3 
328.76316      2 
330.82182      1 
332.68072      2 
335.46473      3 
337.70104      4 
339.64515      3 
341.29771      2 
343.47885      1 
345.33351      2 
348.1887       3 
350.6818       4 
352.88671      3 
354.80408      2 
357.11957      1 
358.23845      2 
359.28723      3 
361.64885      4 
364.17807      3 
366.38411      2 
367.85242      1 
370.53429      2 
372.56371      3 
373.64193      4 
376.43983      3 
378.95804      2 
381.57745      1 
384.25445      2 
386.39594      3 
387.71297      4 
388.8424       3 
391.69599      2 
394.48489      1 
396.3478       2 
398.21093      3 
399.9675       4 
401.4514       3 
402.66325      2 
405.63337      1 
407.49792      2 
409.36297      3 
411.49288      4 
413.35386      3 
414.94653      2 
417.10931      1 
418.13396      2 
420.76338      3 
421.90315      4 
424.17956      3 
426.17531      2 
428.54137      1 
431.26083      2 
433.28612      3 
436.12179      4 
438.80355      3 
441.22433      2 
443.8044       1 
445.67467      2 
448.36869      3 
449.72389      4 
450.84874      3 
453.71619      2 
455.52504      1 
457.39706      2 
459.12828      3 
461.31193      4 
462.90126      3 
464.23674      2 
466.27795      1 
469.15139      2 
470.2187       3 
472.55065      4 
474.62558      3 
476.45013      2 
478.73778      1 
480.61304      2 
482.48858      3 
485.31741      4 
487.89874      3 
490.23313      2 
491.7836       1 
492.97598      2 
494.78922      3 
497.33111      4 
498.43937      3 
501.3041       2 
503.11842      1 
505.86576      2 
507.87284      3 
509.76903      4 
511.42447      3 
512.83973      2 
513.93024      1 
516.92737      2 
518.70251      3 
521.19959      4 
523.42218      3 
525.40789      2 
526.78926      1 
528.66891      2 
529.92685      3 
532.4192       4 
535.22864      3 
537.80445      2 
540.47557      1 
542.35949      2 
544.24352      3 
545.89017      4 
547.30588      3 
548.49116      2 
551.4688       1 
553.35405      2 
555.23977      3 
557.50867      4 
559.5498       3 
561.36368      2 
563.65751      1 
566.41661      2 
567.48066      3 
570.39075      4 
573.07619      3 
575.53751      2 
578.15619      1 
580.0448       2 
581.93352      3 
583.50347      4 
584.85186      3 
585.97921      2 
588.93248      1 
590.82246      2 
592.71283      3 
594.96107      4 
596.99078      3 
598.80249      2 
600.10583      1 
601.99466      2 
603.15246      3 
605.76203      4 
608.49668      3 
611.01084      2 
