1.3978788      2 
3.0127353      3 
5.5632759      2 
6.5746557      1 
8.4046641      0 
10.488268      1 
13.469224      2 
15.014602      3 
17.557082      2 
19.372979      1 
21.873854      0 
22.945276      1 
24.757976      2 
26.320225      3 
28.155312      2 
30.491998      1 
32.670955      0 
35.621086      1 
37.278957      2 
38.56574       3 
41.258934      2 
42.543188      1 
45.114254      0 
47.97194       1 
49.362105      2 
51.230883      3 
53.900159      2 
55.388107      1 
57.257237      0 
58.264032      1 
61.233464      2 
63.969429      3 
66.133591      2 
68.649015      1 
69.989455      0 
71.329636      1 
72.880184      2 
75.33798       3 
78.1271        2 
80.529726      1 
82.412775      0 
84.989817      1 
87.656812      2 
89.218831      3 
92.021794      2 
94.092294      1 
96.852781      0 
98.534414      1 
100.16617      2 
101.64214      3 
104.503        2 
106.29779      1 
109.03288      0 
110.51394      1 
112.98234      2 
114.58329      3 
115.82799      2 
118.71788      1 
120.56588      0 
123.25223      1 
124.97836      2 
126.17989      3 
127.65091      2 
130.39563      1 
132.89394      0 
134.68176      1 
136.32872      2 
139.11249      3 
141.2109       2 
144.04773      1 
146.31553      0 
148.21919      1 
150.00861      2 
151.90755      3 
154.22534      2 
155.46605      1 
156.77549      0 
159.54396      1 
161.37089      2 
163.99886      3 
165.03453      2 
167.97052      1 
169.51221      0 
172.48692      1 
174.48755      2 
175.58394      3 
178.07664      2 
179.58707      1 
181.31863      0 
183.21734      1 
185.75738      2 
187.48538      3 
190.40281      2 
193.30553      1 
194.73131      0 
197.54002      1 
200.09943      2 
202.35132      3 
204.59512      2 
206.66201      1 
209.46711      0 
211.06139      1 
213.63529      2 
214.76769      3 
217.33594      2 
218.36755      1 
220.35376      0 
221.90483      1 
223.50758      2 
226.44593      3 
227.56985      2 
229.10854      1 
231.23203      0 
233.9583       1 
236.56313      2 
239.35034      3 
241.56693      2 
243.67691      1 
245.68416      0 
247.90046      1 
