2.9440855      2 
5.542803       3 
6.9942437      2 
9.7706662      1 
12.099426      0 
15.083746      1 
16.291493      2 
17.86522       3 
19.93452       2 
22.881949      1 
24.920977      0 
27.203896      1 
28.614431      2 
30.606293      3 
32.668326      2 
35.331313      1 
37.984633      0 
40.861543      1 
43.369194      2 
45.491432      3 
48.447515      2 
49.63471       1 
51.371631      0 
52.777291      1 
54.687713      2 
56.599287      3 
57.954516      2 
60.560732      1 
61.571415      0 
63.651502      1 
66.572856      2 
68.010032      3 
69.012548      2 
70.502373      1 
73.231343      0 
75.591415      1 
78.319612      2 
80.205235      3 
81.248412      2 
82.582159      1 
85.184438      0 
87.662135      1 
90.041193      2 
91.149407      3 
94.001161      2 
95.771278      1 
96.880729      0 
98.130503      1 
100.25156      2 
101.2966       3 
102.9919       2 
105.48217      1 
108.45042      0 
109.48775      1 
111.5662       2 
112.92819      3 
115.5149       2 
116.96266      1 
118.25976      0 
119.82497      1 
122.61896      2 
125.61287      3 
128.14346      2 
130.82553      1 
132.82233      0 
134.61814      1 
136.69332      2 
138.14881      3 
140.44733      2 
143.06855      1 
144.18851      0 
145.1932       1 
148.04984      2 
149.87148      3 
152.6517       2 
153.9178       1 
156.68987      0 
158.57551      1 
160.32591      2 
163.15422      3 
164.84827      2 
167.17187      1 
169.69627      0 
172.59589      1 
174.1027       2 
176.63257      3 
178.50142      2 
181.20474      1 
183.43785      0 
185.42682      1 
187.65798      2 
189.15053      3 
191.90052      2 
194.73302      1 
197.13182      0 
199.54612      1 
200.73859      2 
203.05874      3 
205.24195      2 
206.50473      1 
208.79079      0 
210.01181      1 
212.2756       2 
214.05426      3 
216.75847      2 
219.27765      1 
222.13654      0 
224.41819      1 
226.81131      2 
229.01634      3 
231.93662      2 
233.33366      1 
235.99171      0 
237.30682      1 
238.83319      2 
241.07694      3 
242.83439      2 
245.78495      1 
248.1895       0 
250.43388      1 
