1.5584924      2 
3.069009       3 
5.3940802      2 
8.2414434      1 
10.68374       0 
12.700421      1 
14.442798      2 
16.185459      3 
17.548242      2 
19.150875      1 
21.56623       0 
23.521512      1 
26.048795      2 
27.841809      3 
30.184675      2 
31.376763      1 
32.664387      0 
35.489713      1 
37.314753      2 
39.562373      3 
42.53476       2 
44.869877      1 
46.543179      0 
48.219559      1 
49.677592      2 
51.781159      3 
54.345273      2 
55.539066      1 
58.520818      0 
61.165155      1 
62.924529      2 
65.370885      3 
67.187246      2 
68.62635       1 
70.232177      0 
72.308434      1 
74.796433      2 
76.931119      3 
78.197117      2 
80.309812      1 
82.355686      0 
83.65145       1 
85.357632      2 
87.20336       3 
89.82504       2 
92.569316      1 
93.59215       0 
95.555695      1 
97.557694      2 
99.103446      3 
101.32176      2 
103.45247      1 
105.94529      0 
108.7607       1 
110.80325      2 
113.0698       3 
115.35947      2 
117.30265      1 
119.10557      0 
121.80771      1 
124.06138      2 
125.07431      3 
127.08538      2 
129.78866      1 
131.83079      0 
134.6025       1 
136.66318      2 
138.58786      3 
139.93614      2 
141.21001      1 
142.31381      0 
144.6692       1 
147.10709      2 
148.60166      3 
151.30016      2 
153.1593       1 
154.84172      0 
157.72562      1 
159.13027      2 
161.42755      3 
164.37526      2 
166.25615      1 
167.69947      0 
170.26925      1 
172.93416      2 
175.56136      3 
176.88318      2 
178.32919      1 
179.39014      0 
182.18859      1 
183.6014       2 
185.39417      3 
186.6081       2 
188.31907      1 
190.1601       0 
192.84481      1 
195.22896      2 
196.2869       3 
199.23151      2 
200.28985      1 
202.09165      0 
204.63624      1 
205.9119       2 
208.65395      3 
211.02752      2 
212.80359      1 
215.59478      0 
217.28993      1 
219.74573      2 
220.99739      3 
223.50324      2 
225.17566      1 
226.71437      0 
229.62981      1 
230.9825       2 
233.64256      3 
235.73273      2 
237.69015      1 
240.17337      0 
242.26145      1 
