2.6303588      2 
5.3817456      3 
7.9141539      2 
9.7304103      1 
12.223932      0 
13.704414      1 
16.559593      2 
18.214491      3 
19.73219       2 
21.254441      1 
22.9627        0 
25.430868      1 
28.300419      2 
30.568934      3 
33.183301      2 
36.017946      1 
37.871959      0 
39.366415      1 
41.226088      2 
42.954043      3 
45.108667      2 
46.829958      1 
49.511917      0 
52.166293      1 
54.745643      2 
57.167857      3 
59.672508      2 
61.464426      1 
62.998158      0 
65.420161      1 
67.707722      2 
69.954366      3 
71.828889      2 
74.604597      1 
75.870295      0 
78.071587      1 
79.41569       2 
82.080852      3 
83.301953      2 
85.662315      1 
87.505645      0 
90.077775      1 
92.177666      2 
95.1502        3 
98.078817      2 
100.45093      1 
101.82302      0 
104.3695       1 
106.59657      2 
109.01449      3 
111.00302      2 
112.47241      1 
114.99933      0 
116.48181      1 
117.67081      2 
119.21873      3 
121.88238      2 
123.76333      1 
126.07587      0 
127.68937      1 
130.42844      2 
132.61885      3 
135.1043       2 
137.43963      1 
139.13924      0 
141.51663      1 
144.15807      2 
146.56298      3 
148.65041      2 
150.90992      1 
152.29761      0 
154.46274      1 
157.32119      2 
158.34052      3 
159.44805      2 
160.79452      1 
163.07061      0 
164.86636      1 
166.78225      2 
168.3105       3 
170.4439       2 
171.90626      1 
173.88736      0 
175.07216      1 
177.9994       2 
179.97453      3 
181.97439      2 
183.67177      1 
186.31415      0 
188.64754      1 
190.42286      2 
192.73206      3 
193.75414      2 
195.33997      1 
197.66656      0 
200.36506      1 
203.09451      2 
205.90279      3 
207.84636      2 
210.12716      1 
212.34995      0 
214.78851      1 
217.02465      2 
218.2581       3 
219.64254      2 
221.2521       1 
223.89829      0 
225.02957      1 
227.59261      2 
229.23216      3 
231.36771      2 
234.23142      1 
236.18391      0 
237.33989      1 
238.95982      2 
240.24989      3 
241.35503      2 
243.71839      1 
245.72091      0 
247.93808      1 
