2.4263157      2 
5.2664659      3 
7.4226409      2 
8.7340022      1 
10.667464      0 
12.729842      1 
15.62425       2 
18.586884      3 
20.620784      2 
23.027044      1 
24.502065      0 
26.078887      1 
28.219122      2 
31.028779      3 
33.096362      2 
35.772959      1 
38.050308      0 
40.721576      1 
43.636664      2 
46.288207      3 
48.755644      2 
50.703454      1 
52.706946      0 
54.202544      1 
56.496635      2 
58.843328      3 
60.39333       2 
62.581803      1 
65.525108      0 
68.333828      1 
69.899585      2 
72.472809      3 
74.08018       2 
75.952904      1 
76.997497      0 
78.392349      1 
79.520215      2 
82.206446      3 
83.917749      2 
86.005229      1 
87.441325      0 
89.634925      1 
91.355437      2 
92.807905      3 
95.358849      2 
96.901626      1 
99.266445      0 
101.6611       1 
103.17004      2 
105.81599      3 
107.25792      2 
109.05195      1 
110.93531      0 
112.52768      1 
114.56274      2 
116.58409      3 
119.29414      2 
121.5229       1 
124.16327      0 
127.04264      1 
129.04913      2 
130.77941      3 
133.39015      2 
135.02942      1 
137.12105      0 
139.0172       1 
141.53574      2 
143.05961      3 
144.9339       2 
147.0598       1 
149.48148      0 
150.79671      1 
153.25468      2 
154.46172      3 
155.69192      2 
156.74564      1 
158.07196      0 
160.82418      1 
162.87566      2 
165.30547      3 
168.11601      2 
171.04529      1 
173.08883      0 
175.21056      1 
176.61085      2 
178.63013      3 
181.17833      2 
182.20736      1 
183.96872      0 
186.19793      1 
188.90524      2 
190.19956      3 
193.07632      2 
195.81113      1 
197.31058      0 
199.38098      1 
201.98315      2 
203.45969      3 
206.17557      2 
208.81622      1 
211.72961      0 
214.06754      1 
216.50777      2 
218.84073      3 
220.94003      2 
223.56177      1 
226.50114      0 
227.65463      1 
229.67732      2 
231.01104      3 
232.06915      2 
233.49763      1 
235.33517      0 
238.1783       1 
239.68435      2 
242.11776      3 
243.51713      2 
245.58293      1 
248.50956      0 
250.87729      1 
