2.4422663      2 
4.3525241      3 
7.0551425      2 
8.0799313      1 
10.313242      0 
11.506959      1 
13.766231      2 
14.850366      3 
17.255108      2 
19.547862      1 
21.296816      0 
23.561581      1 
24.805693      2 
26.304631      3 
27.32854       2 
30.145492      1 
32.618398      0 
35.521217      1 
38.34681       2 
39.526673      3 
41.32521       2 
44.018319      1 
46.830964      0 
48.453832      1 
50.134849      2 
51.249928      3 
54.100093      2 
57.075922      1 
58.479225      0 
60.713571      1 
62.654301      2 
64.719453      3 
67.314024      2 
69.849776      1 
71.899433      0 
74.611148      1 
76.896847      2 
77.953464      3 
79.130229      2 
80.710732      1 
82.995219      0 
84.615242      1 
85.982352      2 
87.604101      3 
90.299251      2 
92.617602      1 
93.906804      0 
95.055837      1 
97.424482      2 
99.50317       3 
101.04414      2 
102.8383       1 
104.01701      0 
105.29924      1 
108.20606      2 
110.57351      3 
111.65268      2 
112.99901      1 
114.12581      0 
116.24962      1 
118.90401      2 
120.33179      3 
123.09882      2 
124.31434      1 
126.40403      0 
128.72208      1 
131.15025      2 
133.05015      3 
135.75188      2 
137.29514      1 
139.23409      0 
142.20371      1 
144.17833      2 
145.36691      3 
147.7463       2 
149.44804      1 
150.62189      0 
152.40942      1 
154.18614      2 
155.62313      3 
158.02643      2 
159.59527      1 
161.5317       0 
162.62696      1 
165.54893      2 
166.82512      3 
168.1808       2 
170.85467      1 
171.99253      0 
174.45453      1 
177.10828      2 
178.49253      3 
180.72225      2 
181.848        1 
184.69803      0 
187.00967      1 
188.82626      2 
191.12884      3 
194.04787      2 
196.50961      1 
198.92316      0 
201.5758       1 
203.68331      2 
204.82101      3 
207.08216      2 
209.98537      1 
211.44571      0 
213.52152      1 
216.10898      2 
218.95728      3 
221.05016      2 
223.46261      1 
226.25787      0 
227.35875      1 
229.41509      2 
231.36188      3 
233.02646      2 
235.29183      1 
238.2541       0 
240.88352      1 
