2.4108959      2 
4.5997516      3 
6.3918977      2 
8.8556304      1 
10.625843      0 
12.230289      1 
13.885366      2 
15.73821       3 
18.041725      2 
20.858723      1 
23.503905      0 
26.442707      1 
28.384464      2 
30.490754      3 
33.245227      2 
35.665475      1 
37.865148      0 
39.754649      1 
41.371205      2 
43.839959      3 
46.820912      2 
49.6433        1 
51.088682      0 
52.914399      1 
54.881059      2 
56.993618      3 
59.303781      2 
60.740054      1 
63.25209       0 
66.125696      1 
68.409008      2 
70.681628      3 
72.283368      2 
74.348356      1 
76.772622      0 
77.982311      1 
79.565955      2 
82.150244      3 
83.58187       2 
85.652017      1 
87.766434      0 
90.737462      1 
93.604757      2 
95.164612      3 
98.074073      2 
100.72512      1 
102.56342      0 
104.05574      1 
106.32053      2 
107.6737       3 
108.73518      2 
109.91809      1 
112.77556      0 
114.39503      1 
115.67721      2 
118.40818      3 
121.20073      2 
123.25543      1 
124.62499      0 
127.56138      1 
128.72777      2 
130.59036      3 
133.58704      2 
136.3922       1 
138.44958      0 
140.60461      1 
142.23632      2 
144.51276      3 
146.85623      2 
148.91769      1 
151.37685      0 
152.69621      1 
155.17993      2 
156.54582      3 
159.12139      2 
161.39896      1 
164.37609      0 
165.75623      1 
167.64639      2 
170.41485      3 
172.74447      2 
174.08936      1 
176.70387      0 
179.24996      1 
180.75081      2 
182.1462       3 
183.95665      2 
186.28039      1 
189.25954      0 
190.96103      1 
193.84689      2 
195.69292      3 
198.44352      2 
200.52783      1 
202.69915      0 
204.51297      1 
207.12193      2 
209.10655      3 
210.85165      2 
211.87116      1 
213.95541      0 
216.10288      1 
218.10311      2 
220.25608      3 
222.33766      2 
224.7785       1 
227.10307      0 
228.43183      1 
230.28686      2 
231.64592      3 
233.63039      2 
235.05508      1 
237.99091      0 
240.79454      1 
241.98515      2 
244.41891      3 
246.35894      2 
247.38929      1 
250.04717      0 
252.96032      1 
