2.5674792      2 
5.3531806      3 
8.338013       2 
10.001         1 
12.522048      0 
13.990042      1 
15.426439      2 
18.425526      3 
20.24423       2 
22.030166      1 
23.817101      0 
25.41471       1 
28.383938      2 
30.117558      3 
32.112115      2 
33.161981      1 
35.114135      0 
37.060466      1 
39.549086      2 
41.558296      3 
44.044159      2 
46.867217      1 
48.457189      0 
49.554384      1 
52.036135      2 
54.929192      3 
57.58567       2 
58.840245      1 
61.832475      0 
63.890889      1 
65.730574      2 
68.641365      3 
71.445469      2 
72.74219       1 
73.956833      0 
76.618446      1 
78.723741      2 
80.122662      3 
82.512161      2 
83.89266       1 
85.444743      0 
87.411133      1 
88.859283      2 
90.507003      3 
92.344701      2 
94.924565      1 
97.020462      0 
99.907596      1 
101.90979      2 
104.09261      3 
106.8325       2 
107.97238      1 
109.98001      0 
111.64808      1 
113.4631       2 
115.08981      3 
117.18744      2 
118.98391      1 
121.15068      0 
124.08808      1 
125.37767      2 
126.81303      3 
129.35197      2 
131.50148      1 
132.69629      0 
135.27682      1 
136.51581      2 
138.5938       3 
141.23598      2 
144.02808      1 
145.96931      0 
148.3621       1 
150.06678      2 
152.36788      3 
154.34373      2 
157.05306      1 
159.88202      0 
162.22771      1 
163.75794      2 
164.89632      3 
167.77373      2 
169.83742      1 
171.5962       0 
173.88302      1 
176.64441      2 
178.00716      3 
180.78904      2 
183.51372      1 
186.11347      0 
187.17034      1 
189.76164      2 
192.45091      3 
193.92303      2 
196.32211      1 
198.56221      0 
199.68309      1 
201.01174      2 
203.67324      3 
205.02056      2 
207.1545       1 
208.6063       0 
211.243        1 
212.9443       2 
215.69834      3 
216.81167      2 
218.93008      1 
221.63058      0 
223.01049      1 
224.40538      2 
226.77737      3 
227.94238      2 
230.4554       1 
232.73423      0 
235.22979      1 
237.48672      2 
239.0175       3 
240.18953      2 
242.90272      1 
244.61249      0 
245.77836      1 
