2.8048038      2 
5.1013247      3 
7.3287694      2 
10.281886      1 
12.061948      0 
13.623432      1 
16.266942      2 
19.248846      3 
21.636392      2 
23.668153      1 
25.229481      0 
26.294946      1 
27.40561       2 
29.939874      3 
32.185713      2 
34.926912      1 
37.056519      0 
39.370888      1 
41.100802      2 
43.74209       3 
46.282547      2 
48.509788      1 
50.46814       0 
52.95251       1 
55.913899      2 
57.821967      3 
59.753798      2 
62.262214      1 
65.084548      0 
67.648588      1 
70.435392      2 
72.328831      3 
75.185838      2 
77.762068      1 
79.911316      0 
81.982436      1 
83.821996      2 
85.055602      3 
86.409635      2 
89.219846      1 
91.222696      0 
94.098132      1 
95.657123      2 
97.403504      3 
98.84423       2 
101.83471      1 
104.33286      0 
105.51608      1 
107.89162      2 
110.48643      3 
112.04407      2 
113.22782      1 
116.03009      0 
118.63784      1 
121.48703      2 
124.15841      3 
126.57662      2 
129.03691      1 
130.63132      0 
131.69107      1 
133.65398      2 
135.037        3 
136.92403      2 
138.84435      1 
140.48534      0 
141.72599      1 
144.5474       2 
147.51995      3 
149.40178      2 
152.08973      1 
153.60671      0 
154.65794      1 
157.25822      2 
159.46439      3 
162.10676      2 
163.17564      1 
164.52008      0 
167.23117      1 
169.61902      2 
170.99433      3 
172.31595      2 
175.11837      1 
177.02333      0 
179.40831      1 
180.58897      2 
183.16084      3 
184.1798       2 
186.9003       1 
188.6859       0 
191.54801      1 
193.05485      2 
195.34222      3 
197.83095      2 
199.08543      1 
200.42328      0 
202.96934      1 
204.66866      2 
207.00411      3 
209.85014      2 
212.69723      1 
214.33772      0 
216.44855      1 
218.64457      2 
220.94588      3 
223.00582      2 
224.97535      1 
227.30008      0 
228.69718      1 
230.15258      2 
232.87287      3 
235.31456      2 
236.45559      1 
239.14503      0 
240.27317      1 
242.25523      2 
244.14248      3 
246.04542      2 
247.49492      1 
249.51399      0 
251.53581      1 
