2.6942936      2 
4.3780928      3 
6.0011038      2 
7.0214201      1 
9.6118709      0 
11.974482      1 
14.650289      2 
15.895177      3 
18.587988      2 
20.472196      1 
22.402344      0 
23.56132       1 
25.391007      2 
26.888901      3 
28.623528      2 
30.880825      1 
31.959657      0 
34.116663      1 
35.306237      2 
36.988232      3 
39.52483       2 
41.525069      1 
42.673042      0 
44.330326      1 
45.627181      2 
48.402958      3 
51.357346      2 
54.199067      1 
55.297491      0 
56.890062      1 
59.80385       2 
62.260407      3 
64.495183      2 
65.707443      1 
67.063785      0 
69.413252      1 
70.9055        2 
72.825832      3 
73.971628      2 
75.92143       1 
78.393297      0 
79.614042      1 
80.886615      2 
83.86023       3 
86.111159      2 
87.878841      1 
89.388936      0 
90.766947      1 
93.009017      2 
94.764425      3 
96.51953       2 
99.300282      1 
101.62562      0 
103.13128      1 
105.1985       2 
107.44448      3 
109.75058      2 
110.86046      1 
112.49166      0 
114.57775      1 
116.54277      2 
118.02535      3 
120.39008      2 
121.97778      1 
124.71624      0 
125.827        1 
127.45196      2 
129.12909      3 
130.93977      2 
132.94964      1 
134.85983      0 
136.08287      1 
138.1959       2 
141.16726      3 
143.49777      2 
145.06436      1 
147.01652      0 
149.98341      1 
152.51347      2 
155.50075      3 
157.93031      2 
158.93315      1 
160.09892      0 
161.16367      1 
163.75707      2 
165.75333      3 
168.61206      2 
170.1153       1 
171.35872      0 
174.31027      1 
175.88999      2 
178.14919      3 
180.9108       2 
183.36292      1 
185.88179      0 
188.21401      1 
189.46697      2 
191.08457      3 
193.85449      2 
196.48319      1 
197.93104      0 
199.91417      1 
202.32958      2 
203.73409      3 
205.16541      2 
208.10846      1 
209.54023      0 
211.10213      1 
213.15089      2 
214.23153      3 
216.05313      2 
217.40363      1 
219.67053      0 
222.05113      1 
224.52126      2 
226.47942      3 
227.71375      2 
229.73816      1 
231.55303      0 
233.68883      1 
