2.8673213      2 
4.6349431      3 
6.6469355      2 
9.0595375      1 
11.212057      0 
13.55897       1 
15.304986      2 
18.150006      3 
20.45488       2 
22.954591      1 
25.21564       0 
27.35833       1 
30.074314      2 
32.277164      3 
34.988576      2 
36.989205      1 
38.456513      0 
41.193733      1 
42.851775      2 
44.260422      3 
45.328575      2 
47.802698      1 
49.868098      0 
52.19624       1 
53.847289      2 
56.080653      3 
58.514507      2 
59.666051      1 
61.331595      0 
63.441544      1 
65.516601      2 
67.33405       3 
69.235803      2 
70.856595      1 
73.238579      0 
74.380885      1 
76.932184      2 
78.881854      3 
80.488165      2 
82.816642      1 
85.795338      0 
88.266864      1 
89.756454      2 
92.544434      3 
94.764251      2 
97.318179      1 
99.557338      0 
102.22104      1 
104.01304      2 
105.9009       3 
107.43764      2 
108.61635      1 
110.21841      0 
112.73364      1 
115.67224      2 
117.5          3 
118.58097      2 
121.33817      1 
123.64384      0 
126.14208      1 
128.43942      2 
130.74181      3 
132.59357      2 
133.94257      1 
136.79486      0 
138.28339      1 
141.08166      2 
143.09029      3 
145.3195       2 
147.4889       1 
149.247        0 
152.13197      1 
154.3083       2 
155.32844      3 
157.63194      2 
159.29932      1 
161.8185       0 
163.96321      1 
165.9078       2 
168.30686      3 
170.01618      2 
171.37455      1 
172.68883      0 
174.6354       1 
177.24507      2 
179.63091      3 
181.31705      2 
183.79921      1 
185.6646       0 
186.6991       1 
188.95163      2 
190.68691      3 
192.9414       2 
194.25008      1 
196.09263      0 
198.96686      1 
201.68078      2 
202.81735      3 
204.84094      2 
206.65937      1 
208.75241      0 
210.63455      1 
212.62321      2 
214.36968      3 
215.65268      2 
217.87927      1 
220.7957       0 
223.42619      1 
225.83056      2 
227.24903      3 
229.03607      2 
231.32132      1 
233.30531      0 
234.46759      1 
236.57993      2 
239.08998      3 
241.30299      2 
242.91491      1 
244.24771      0 
245.56569      1 
