%  columns="iteration, evaluation, sigma, axis ratio, bestever, best, median, worst fitness function value, further objective values of best" (startseed=521288629, 2018/02/22 7:49:34.56)
1 8 2.618379e+01 1.144027e+00  2.619025377779350627e+00  2.619025377779350627e+00  1.600100000000000122e+01  1.600100000000000122e+01
2 15 2.604636e+01 1.228397e+00  1.109857477706787223e-03  1.109857477706787223e-03  1.600100000000000122e+01  1.600100000000000122e+01
3 22 2.149690e+01 1.223896e+00  1.109857477706787223e-03  1.060037920063161554e-02  4.499322115348466156e+00  1.600100000000000122e+01
4 29 1.841125e+01 1.201224e+00  1.109857477706787223e-03  2.291156242702285795e-01  2.439200541908292053e+00  1.600100000000000122e+01
5 36 1.780809e+01 1.231706e+00  1.109857477706787223e-03  5.393946645472880164e-03  6.342821196526333694e+00  1.474459934709021525e+01
6 43 1.992429e+01 1.497314e+00  1.109857477706787223e-03  5.922387776325763534e-03  4.764665311247337165e+00  1.155172345069981787e+01
7 50 2.206756e+01 1.582496e+00  1.109857477706787223e-03  2.699288478105872635e-02  3.285310494270240245e+00  1.600100000000000122e+01
8 57 1.853682e+01 1.609541e+00  1.109857477706787223e-03  8.704559317997961898e-03  5.386474521118248759e+00  1.600100000000000122e+01
9 64 1.650372e+01 1.674059e+00  1.109857477706787223e-03  5.593660633993735587e-01  1.600100000000000122e+01  1.600100000000000122e+01
10 71 1.634827e+01 1.879176e+00  1.109857477706787223e-03  9.149998698027062005e-02  1.662952001138096714e+00  1.585509033393235079e+01
11 78 1.536977e+01 1.935737e+00  1.109857477706787223e-03  1.144388336832946607e-02  7.625432934751177338e-01  1.398504777643762331e+01
12 85 1.575424e+01 1.828479e+00  1.109857477706787223e-03  4.002119041961858109e-02  2.654760620338620480e+00  1.268769749843276173e+01
13 92 1.504649e+01 1.885211e+00  1.109857477706787223e-03  1.017418896251243154e-02  3.797189862537378335e+00  1.498288886816546395e+01
14 99 1.437717e+01 1.833773e+00  1.109857477706787223e-03  4.510529356377190879e-01  1.449065403552050491e+00  1.248006989295037350e+01
15 106 1.245651e+01 1.827558e+00  1.109857477706787223e-03  2.090965209795108137e-01  3.849203113097586559e+00  1.600100000000000122e+01
16 113 1.148530e+01 2.027528e+00  1.109857477706787223e-03  5.106606105024873443e-01  4.872467721441783084e+00  1.600100000000000122e+01
17 120 9.141253e+00 2.003082e+00  1.109857477706787223e-03  3.817754973350062642e-02  1.294354685521553749e+00  1.461240153698008193e+01
18 127 9.583540e+00 2.297539e+00  1.109857477706787223e-03  1.435991933914806395e-01  1.624394558950015499e+00  8.929397466080121859e+00
19 134 1.115857e+01 1.904601e+00  1.109857477706787223e-03  1.677888399957766855e-02  1.366401118732078146e+00  1.559410683310085588e+01
20 141 1.099516e+01 2.049861e+00  1.109857477706787223e-03  2.357545981804987090e-03  1.756904619751377794e+00  7.463583364289924305e+00
21 148 1.252419e+01 2.019334e+00  1.109857477706787223e-03  3.808513248336495849e-01  1.419518738152808712e+00  6.403521732105338593e+00
22 155 1.199398e+01 2.097484e+00  1.109857477706787223e-03  2.621768671568784972e-02  1.044210815611094745e+00  9.054651617960145060e+00
23 162 1.230135e+01 1.846432e+00  1.109857477706787223e-03  6.150970773299520022e-01  2.790062287707796518e+00  7.593627460456129796e+00
24 169 1.123902e+01 1.856432e+00  1.109857477706787223e-03  3.356520307541188686e-03  1.267888569422341849e+00  2.289494696795717488e+00
25 176 1.021415e+01 1.800647e+00  1.109857477706787223e-03  1.324872807216977881e-03  1.823628802369820168e+00  1.556237306701437539e+01
26 183 1.009963e+01 1.744577e+00  1.109857477706787223e-03  8.372267678974616711e-02  6.927904102448277923e-01  5.245411376464655717e+00
27 190 1.136989e+01 1.769947e+00  1.109857477706787223e-03  8.913796545200725063e-02  4.187769951309334715e-01  5.933777669909551911e+00
28 197 1.244615e+01 1.758114e+00  1.109857477706787223e-03  4.301298379639629799e-01  1.713771855698446700e+00  1.346714540711449182e+01
29 204 1.046720e+01 1.852830e+00  1.109857477706787223e-03  1.138770333353499378e-02  1.271440148994311903e+00  9.094971098421593680e+00
30 211 1.131042e+01 2.263407e+00  1.109857477706787223e-03  1.530639333323939866e-01  5.278534909489351890e-01  5.208422243232422311e+00
31 218 1.041696e+01 2.187471e+00  1.109857477706787223e-03  1.249426817970800130e-03  1.409889343622797497e+00  4.445687039893520875e+00
32 225 8.765446e+00 2.284539e+00  1.109857477706787223e-03  2.396726552476025063e-03  2.637937087746283549e+00  1.600100000000000122e+01
33 232 7.935783e+00 2.290513e+00  1.109857477706787223e-03  1.731227559971348917e-03  2.953281113257304469e-01  1.375949082616795671e+01
34 239 6.741977e+00 2.270356e+00  1.109857477706787223e-03  2.679974839695584143e-01  1.587600496951480977e+00  1.600100000000000122e+01
35 246 6.023263e+00 2.296501e+00  1.109857477706787223e-03  3.602766392926781691e-03  3.434014948341292950e-01  3.057166219350664793e+00
36 253 6.259505e+00 2.879291e+00  1.109857477706787223e-03  4.541387341827149426e-02  3.901558497613635268e-01  9.759856251565141250e+00
37 260 6.199605e+00 3.000086e+00  1.109857477706787223e-03  1.590788627591163129e-01  4.345117474462973917e-01  2.825311605058583808e+00
38 267 5.660562e+00 2.988042e+00  1.007114069111025856e-03  1.007114069111025856e-03  4.681964046467967933e-02  5.637561119765187811e+00
39 274 5.311027e+00 3.171763e+00  1.007114069111025856e-03  3.813347726154239781e-02  1.588351673856749358e-01  2.595656833773947625e+00
40 281 4.150671e+00 3.209977e+00  1.007114069111025856e-03  3.475226030103452813e-03  1.032803730098379447e-01  1.394387288923972124e+00
41 288 3.559322e+00 3.232565e+00  1.007114069111025856e-03  4.697401194010857213e-03  3.065169436998832139e-02  1.295248344483836522e+00
42 295 3.156433e+00 3.300400e+00  1.007114069111025856e-03  1.255294712448673522e-02  8.490840928458699699e-02  1.812708627332912714e+00
43 302 3.036227e+00 3.561732e+00  1.007114069111025856e-03  3.024347023190889286e-02  6.462886379897980760e-02  1.901429512555158075e-01
44 309 2.527918e+00 3.607758e+00  1.007114069111025856e-03  2.090666332518509307e-02  4.036993311451822497e-02  7.260512533624563503e-02
45 316 2.150021e+00 3.619301e+00  1.007114069111025856e-03  6.441973129205001009e-03  4.228144161298175163e-02  1.230777437792731632e-01
46 323 1.859544e+00 3.586415e+00  1.007114069111025856e-03  2.638792049378224647e-03  3.592968748102975951e-02  1.459832136920933554e-01
47 330 1.622532e+00 3.790672e+00  1.007114069111025856e-03  2.423301790822993997e-03  3.637216008337773587e-02  1.924775992733379348e-01
48 337 1.463751e+00 4.184002e+00  1.007114069111025856e-03  1.396844141822093733e-03  5.913907226338970501e-03  2.715967074966088579e-01
49 344 1.273746e+00 4.421902e+00  1.007114069111025856e-03  1.277081205003495088e-03  1.345673529427315884e-02  1.400603061748242339e-01
50 351 1.368838e+00 4.832791e+00  1.007114069111025856e-03  1.021159028091608465e-03  1.124783508745252902e-02  1.288577020208627744e-01
51 358 1.521222e+00 5.347537e+00  1.007114069111025856e-03  1.183470715537455944e-03  1.112740105005016744e-02  2.608233498278309526e-01
52 365 1.343666e+00 5.843724e+00  1.007114069111025856e-03  1.725770076529187236e-03  1.239692850526302390e-02  2.321314468799244579e-02
53 372 1.269858e+00 6.621018e+00  1.007114069111025856e-03  1.018792336341852508e-03  1.856073786424161653e-03  5.829402082889499626e-02
54 379 1.730871e+00 6.778427e+00  1.007114069111025856e-03  1.557391592157841842e-03  1.646237803680961065e-02  4.156984985518509534e-02
55 386 1.880633e+00 8.366480e+00  1.007114069111025856e-03  1.057837405030811464e-03  3.822870033285852287e-03  9.425362470775296847e-03
56 393 1.929116e+00 8.226501e+00  1.007114069111025856e-03  1.309901302145695433e-03  3.420008377268857203e-03  1.481161090706386574e-01
57 400 1.922818e+00 8.005923e+00  1.007114069111025856e-03  1.599015177532692178e-03  1.536916132928116407e-02  1.192759819216338696e-01
58 407 1.984757e+00 9.090608e+00  1.007114069111025856e-03  1.047247254940632906e-03  5.272015481270257709e-03  1.367755898026523295e-02
59 414 1.731679e+00 9.206253e+00  1.007114069111025856e-03  1.010110206866698945e-03  1.514360902243083729e-02  3.272506419005445366e-01
60 421 1.878253e+00 9.488547e+00  1.000961717949166996e-03  1.000961717949166996e-03  5.584651544371155296e-03  1.266340307224780304e-01
61 428 1.724262e+00 9.579484e+00  1.000961717949166996e-03  1.129415554999013693e-03  1.322507670708945871e-02  7.046026661234663924e-02
62 435 1.363543e+00 9.543726e+00  1.000961717949166996e-03  2.639908495808640509e-03  1.504801427613512363e-02  1.885045181374422896e-02
63 442 1.187587e+00 9.796247e+00  1.000961717949166996e-03  1.000966169719674781e-03  2.073898597156897949e-03  3.230521892495704511e-02
64 449 9.536616e-01 9.909114e+00  1.000961717949166996e-03  1.039081084968529467e-03  2.068623950758179120e-03  4.618964384904344911e-02
65 456 9.032075e-01 9.772359e+00  1.000961717949166996e-03  1.202579395900604895e-03  1.481319293510807711e-03  4.695557474362547883e-03
66 463 9.414577e-01 1.150461e+01  1.000961717949166996e-03  1.479441325042074595e-03  3.267484687981090253e-03  6.858957718780089863e-03
67 470 7.723015e-01 1.175750e+01  1.000961717949166996e-03  1.010395624728488428e-03  2.439649300040258595e-03  7.374555152235728883e-03
68 477 7.866786e-01 1.112246e+01  1.000961717949166996e-03  1.417497863868990649e-03  1.684383239818134769e-03  2.690586072887413138e-03
69 484 7.552422e-01 1.128110e+01  1.000961717949166996e-03  1.019556957782441486e-03  1.113746480431387909e-03  3.627527998399888119e-03
70 491 6.743154e-01 1.112974e+01  1.000046478008442818e-03  1.000046478008442818e-03  1.541898440766686917e-03  9.348383547408189997e-03
71 498 7.191438e-01 1.212203e+01  1.000046478008442818e-03  1.002555357913254182e-03  1.136489082345093493e-03  3.090002566285221519e-03
72 505 5.715287e-01 1.213526e+01  1.000046478008442818e-03  1.003029595235460647e-03  1.132161748429413514e-03  1.037817419047115663e-02
73 512 5.383216e-01 1.284922e+01  1.000046478008442818e-03  1.018813373310223369e-03  1.388263710502712911e-03  8.719047949844536960e-03
74 519 5.916655e-01 1.498644e+01  1.000046478008442818e-03  1.011147447428584201e-03  1.130611867591113651e-03  2.393006876832970420e-03
75 526 5.163136e-01 1.524668e+01  1.000046478008442818e-03  1.004626583331003076e-03  1.116334765916800979e-03  1.495364828235447134e-03
76 533 4.886178e-01 1.682541e+01  1.000046478008442818e-03  1.004607356172471100e-03  1.039034874818156595e-03  1.279221708443856187e-03
77 540 6.217140e-01 2.335963e+01  1.000003474242313565e-03  1.000003474242313565e-03  1.061520986155528590e-03  1.603656990916135783e-03
78 547 6.040433e-01 2.399882e+01  1.000003474242313565e-03  1.004104828396634730e-03  1.131141006054005825e-03  3.486598053669354158e-03
79 554 4.948090e-01 2.425335e+01  1.000003474242313565e-03  1.000063602493383996e-03  1.021638603699415171e-03  1.261488087290985050e-03
80 561 4.038530e-01 2.394354e+01  1.000003474242313565e-03  1.007378098975664216e-03  1.038169453707382672e-03  1.943511835665443725e-03
81 568 3.254909e-01 2.435162e+01  1.000003474242313565e-03  1.007767579562113269e-03  1.021750509679009156e-03  1.139838430734840813e-03
82 575 3.637538e-01 2.912930e+01  1.000003474242313565e-03  1.000102805182478960e-03  1.052140156477621895e-03  1.176613884204869009e-03
83 582 3.389046e-01 3.082822e+01  1.000003474242313565e-03  1.002201566029393802e-03  1.012975896074408411e-03  1.066752166248020146e-03
84 589 3.264536e-01 3.181911e+01  1.000003474242313565e-03  1.000221507594242385e-03  1.006664757140655073e-03  1.040325690237153822e-03
85 596 2.667991e-01 3.185933e+01  1.000003474242313565e-03  1.000044847696557326e-03  1.019639821104991210e-03  1.184367140265152329e-03
86 603 2.255897e-01 3.324765e+01  1.000002988888291835e-03  1.000002988888291835e-03  1.001023883514307045e-03  1.028559682826113431e-03
87 610 2.150138e-01 3.226767e+01  1.000002988888291835e-03  1.000019766042076989e-03  1.007304155418609071e-03  1.233302830761780471e-03
88 617 1.765445e-01 3.295162e+01  1.000002988888291835e-03  1.000012617168977158e-03  1.002222175149114491e-03  1.027993152151429959e-03
89 624 1.467052e-01 3.294790e+01  1.000002988888291835e-03  1.000015379828677340e-03  1.000399520019847185e-03  1.004563361910015828e-03
90 631 1.445961e-01 3.270582e+01  1.000000006275314490e-03  1.000000006275314490e-03  1.001358792521500618e-03  1.007297956789443560e-03
91 638 1.223585e-01 3.363014e+01  1.000000006275314490e-03  1.000022606966410876e-03  1.000556771519001131e-03  1.008078000274094475e-03
92 645 1.086626e-01 3.253078e+01  1.000000006275314490e-03  1.000058836027051257e-03  1.000429943427860735e-03  1.005860375748568458e-03
93 652 1.106941e-01 3.872637e+01  1.000000006275314490e-03  1.000002306869232117e-03  1.000179230675968256e-03  1.006088293948437240e-03
94 659 9.074273e-02 3.858835e+01  1.000000006275314490e-03  1.000074719121875214e-03  1.000972874411587554e-03  1.005954914052864524e-03
95 666 9.443093e-02 3.880783e+01  1.000000006275314490e-03  1.000079305612189273e-03  1.000487421922713338e-03  1.002386859690994033e-03
96 673 1.013963e-01 4.423153e+01  1.000000006275314490e-03  1.000008464357556894e-03  1.000241501024845547e-03  1.002903198401128293e-03
97 680 8.321512e-02 4.550159e+01  1.000000006275314490e-03  1.000117765377602896e-03  1.000297072013478766e-03  1.006136454874774705e-03
98 687 8.746536e-02 5.429586e+01  1.000000006275314490e-03  1.000009545350621920e-03  1.000079543629794898e-03  1.007250836091033329e-03
99 694 7.040134e-02 5.569140e+01  1.000000006275314490e-03  1.000002587755233208e-03  1.000184162865735971e-03  1.002639228630641810e-03
100 701 6.142848e-02 5.826975e+01  1.000000006275314490e-03  1.000004130779757116e-03  1.000027932189340163e-03  1.001912667592570836e-03
101 708 5.107611e-02 5.689257e+01  1.000000006275314490e-03  1.000014114037384161e-03  1.000097792328347168e-03  1.000342546756548875e-03
102 715 4.962732e-02 6.222565e+01  1.000000006275314490e-03  1.000000782692467283e-03  1.000029408845252293e-03  1.000268988433769633e-03
103 722 4.119859e-02 6.330200e+01  1.000000006275314490e-03  1.000001228920410767e-03  1.000054136408579097e-03  1.000619882432578298e-03
104 729 3.527399e-02 6.525398e+01  1.000000006275314490e-03  1.000001009291651144e-03  1.000022275572831632e-03  1.000069253411339787e-03
105 736 2.779217e-02 6.499406e+01  1.000000006275314490e-03  1.000000068211645771e-03  1.000008926438882353e-03  1.000076486370460316e-03
106 743 2.348522e-02 6.502750e+01  1.000000006275314490e-03  1.000000942239746534e-03  1.000004869219139891e-03  1.000077779297642733e-03
107 750 2.207012e-02 6.359222e+01  1.000000006275314490e-03  1.000000047614690857e-03  1.000000444884475634e-03  1.000020189574532406e-03
108 757 1.808484e-02 6.434360e+01  1.000000006275314490e-03  1.000000264141931439e-03  1.000010823609898125e-03  1.000063258934737187e-03
109 764 1.552924e-02 6.800262e+01  1.000000006275314490e-03  1.000000013824831058e-03  1.000001216957188037e-03  1.000016331229147681e-03
110 771 1.509584e-02 6.842042e+01  1.000000006275314490e-03  1.000000083930530081e-03  1.000000702859438206e-03  1.000009438680393714e-03
111 778 1.664155e-02 8.016233e+01  1.000000003638633469e-03  1.000000003638633469e-03  1.000000527284221515e-03  1.000004151740956472e-03
112 785 1.435429e-02 8.130963e+01  1.000000003638633469e-03  1.000000058077432641e-03  1.000000255306332519e-03  1.000006393766739166e-03
113 792 1.809492e-02 1.131222e+02  1.000000003638633469e-03  1.000000053817728940e-03  1.000000359978974384e-03  1.000019193575014302e-03
114 799 1.543268e-02 1.223872e+02  1.000000003638633469e-03  1.000000353616655293e-03  1.000000809410909628e-03  1.000058145463106254e-03
115 806 1.616383e-02 1.424894e+02  1.000000003638633469e-03  1.000000486534702304e-03  1.000000618933494755e-03  1.000004457086589582e-03
116 813 1.327928e-02 1.467118e+02  1.000000003638633469e-03  1.000000037446824308e-03  1.000000196188104195e-03  1.000004900134854324e-03
117 820 1.359866e-02 1.531074e+02  1.000000003638633469e-03  1.000000121948119158e-03  1.000000230352071640e-03  1.000000582614138161e-03
118 827 1.510076e-02 1.371912e+02  1.000000000594281589e-03  1.000000000594281589e-03  1.000000141181358942e-03  1.000002836658353544e-03
119 834 1.389100e-02 1.346924e+02  1.000000000594281589e-03  1.000000012697844316e-03  1.000000131586631369e-03  1.000000773025533363e-03
120 841 1.224241e-02 1.352020e+02  1.000000000594281589e-03  1.000000001439295102e-03  1.000000059875105762e-03  1.000006246094642393e-03
121 848 9.634588e-03 1.345585e+02  1.000000000594281589e-03  1.000000022585822990e-03  1.000000323269745195e-03  1.000005439916407113e-03
122 855 1.069150e-02 1.299395e+02  1.000000000594281589e-03  1.000000038991914319e-03  1.000000122083122278e-03  1.000000484395968670e-03
123 862 9.207904e-03 1.256138e+02  1.000000000594281589e-03  1.000000002174653707e-03  1.000000047561400152e-03  1.000000357545186621e-03
124 869 8.991117e-03 1.255013e+02  1.000000000594281589e-03  1.000000006988344603e-03  1.000000041841531129e-03  1.000000157577673153e-03
125 876 9.408684e-03 1.367010e+02  1.000000000594281589e-03  1.000000005926897232e-03  1.000000187108440741e-03  1.000000881383300566e-03
126 883 8.331462e-03 1.450660e+02  1.000000000594281589e-03  1.000000010009216567e-03  1.000000052271891914e-03  1.000000144485407166e-03
127 890 7.147702e-03 1.515673e+02  1.000000000594281589e-03  1.000000005376477930e-03  1.000000096350817103e-03  1.000002418041771824e-03
128 897 6.858715e-03 1.708768e+02  1.000000000202488221e-03  1.000000000202488221e-03  1.000000009707235904e-03  1.000000063578921228e-03
129 904 6.744370e-03 1.751775e+02  1.000000000202488221e-03  1.000000006444482989e-03  1.000000044249003787e-03  1.000000707495729557e-03
130 911 6.070965e-03 1.794906e+02  1.000000000202488221e-03  1.000000000230936601e-03  1.000000005194878836e-03  1.000000217803886926e-03
131 918 5.459933e-03 1.832268e+02  1.000000000202488221e-03  1.000000008989587741e-03  1.000000026497360750e-03  1.000000241866416673e-03
132 925 4.340165e-03 1.842327e+02  1.000000000085061319e-03  1.000000000085061319e-03  1.000000000978133177e-03  1.000000006612822290e-03
133 932 3.559640e-03 1.945802e+02  1.000000000085061319e-03  1.000000001145195938e-03  1.000000014836878925e-03  1.000000053341665307e-03
134 939 3.009516e-03 2.028595e+02  1.000000000085061319e-03  1.000000000356493501e-03  1.000000001026858957e-03  1.000000002422854689e-03
135 946 2.674842e-03 2.057852e+02  1.000000000085061319e-03  1.000000000622883927e-03  1.000000002246463886e-03  1.000000063349659740e-03
136 953 2.462160e-03 2.163533e+02  1.000000000015432988e-03  1.000000000015432988e-03  1.000000001169229014e-03  1.000000002888806402e-03
137 960 2.638236e-03 2.615283e+02  1.000000000015432988e-03  1.000000000022162197e-03  1.000000000743739292e-03  1.000000001603496003e-03
138 967 2.067408e-03 2.750344e+02  1.000000000015432988e-03  1.000000000075829121e-03  1.000000002481016281e-03  1.000000014967124132e-03
139 974 1.793130e-03 2.865131e+02  1.000000000015432988e-03  1.000000000017394093e-03  1.000000000118461685e-03  1.000000004072632009e-03
140 981 1.611482e-03 2.993394e+02  1.000000000008327561e-03  1.000000000008327561e-03  1.000000000480838480e-03  1.000000001255330062e-03
141 988 1.422136e-03 3.139621e+02  1.000000000001222134e-03  1.000000000001222134e-03  1.000000000118461685e-03  1.000000000491496621e-03
142 995 1.588284e-03 3.979743e+02  1.000000000000475986e-03  1.000000000000475986e-03  1.000000000164646963e-03  1.000000001369016900e-03
143 1002 1.407101e-03 4.170929e+02  1.000000000000475986e-03  1.000000000001222134e-03  1.000000000022538416e-03  1.000000001225786854e-03
144 1009 1.074850e-03 4.159929e+02  1.000000000000475986e-03  1.000000000001222134e-03  1.000000000058065552e-03  1.000000002770799019e-03
145 1016 8.228107e-04 4.198546e+02  1.000000000000475986e-03  1.000000000001222134e-03  1.000000000011880275e-03  1.000000000785028964e-03
146 1023 6.446289e-04 4.229626e+02  1.000000000000475986e-03  1.000000000000765468e-03  1.000000000047407411e-03  1.000000000246359377e-03
147 1030 6.097056e-04 4.263533e+02  1.000000000000032764e-03  1.000000000000032764e-03  1.000000000001222134e-03  1.000000000161094249e-03
148 1037 4.842572e-04 4.361605e+02  1.000000000000032764e-03  1.000000000000502440e-03  1.000000000010572293e-03  1.000000000313860937e-03
149 1044 3.711107e-04 4.383443e+02  1.000000000000032764e-03  1.000000000001222134e-03  1.000000000008327561e-03  1.000000000061221231e-03
150 1051 3.585917e-04 4.228004e+02  1.000000000000032764e-03  1.000000000000187588e-03  1.000000000001222134e-03  1.000000000010953065e-03
151 1058 3.564958e-04 4.229908e+02  1.000000000000032764e-03  1.000000000001222134e-03  1.000000000004716734e-03  1.000000000014935990e-03
152 1065 3.631820e-04 4.417900e+02  1.000000000000032764e-03  1.000000000001222134e-03  1.000000000003530183e-03  1.000000000099683303e-03
153 1072 3.921466e-04 4.957005e+02  1.000000000000003924e-03  1.000000000000003924e-03  1.000000000001222134e-03  1.000000000008327561e-03
154 1079 3.166906e-04 5.200225e+02  1.000000000000003924e-03  1.000000000000085239e-03  1.000000000003484863e-03  1.000000000015179068e-03
155 1086 2.567412e-04 5.261552e+02  1.000000000000003924e-03  1.000000000000206236e-03  1.000000000001222134e-03  1.000000000011880275e-03
156 1093 2.262017e-04 5.571524e+02  1.000000000000003924e-03  1.000000000000117765e-03  1.000000000001222134e-03  1.000000000004774847e-03
