1.6576582      2 
4.4383136      3 
7.0547712      2 
8.3408297      1 
10.448875      0 
12.453861      1 
14.494907      2 
17.27559       3 
18.901537      2 
20.842995      1 
22.7113        0 
24.728244      1 
26.194738      2 
29.149631      3 
31.318153      2 
32.562062      1 
35.15706       0 
36.252266      1 
37.428316      2 
40.282282      3 
42.502007      2 
44.483377      1 
45.769292      0 
48.14281       1 
49.728684      2 
50.912049      3 
52.57025       2 
55.248015      1 
56.601083      0 
58.244594      1 
59.703233      2 
60.819824      3 
63.518207      2 
65.924163      1 
67.082825      0 
69.531451      1 
71.477432      2 
73.870893      3 
75.435388      2 
77.078499      1 
79.080436      0 
81.217398      1 
83.392496      2 
86.113951      3 
87.287364      2 
90.007901      1 
91.034384      0 
92.188568      1 
95.056324      2 
97.810121      3 
100.01022      2 
101.79305      1 
103.41233      0 
105.61178      1 
106.74503      2 
109.46619      3 
111.82425      2 
113.31623      1 
115.24892      0 
117.71577      1 
120.70158      2 
121.87416      3 
122.9833       2 
125.94902      1 
127.23686      0 
128.73137      1 
130.62208      2 
132.3346       3 
133.44459      2 
136.25857      1 
138.1553       0 
139.83903      1 
141.27951      2 
143.82424      3 
145.51058      2 
147.66672      1 
149.47646      0 
151.47502      1 
152.61717      2 
155.30705      3 
157.01054      2 
158.41216      1 
160.82418      0 
163.30505      1 
164.93708      2 
166.08037      3 
168.19536      2 
170.59399      1 
172.3597       0 
173.57251      1 
175.58781      2 
176.60181      3 
179.23226      2 
181.91656      1 
184.31242      0 
186.18607      1 
188.98743      2 
191.8609       3 
192.91742      2 
194.01619      1 
196.18353      0 
197.98114      1 
199.86862      2 
202.0224       3 
204.9801       2 
206.40518      1 
208.18841      0 
210.21499      1 
212.36852      2 
214.47529      3 
215.82439      2 
217.39854      1 
220.0892       0 
222.59886      1 
224.19708      2 
226.32953      3 
228.7045       2 
229.97466      1 
232.74576      0 
234.11115      1 
