2.9463187      2 
5.0797548      3 
6.0920404      2 
8.3072929      1 
9.5120726      0 
11.781625      1 
13.633046      2 
15.74648       3 
18.547883      2 
20.410889      1 
23.022515      0 
24.871473      1 
26.199481      2 
28.326771      3 
30.789519      2 
32.06235       1 
34.843545      0 
36.653509      1 
38.877321      2 
41.214078      3 
43.216321      2 
45.571235      1 
46.911214      0 
48.410989      1 
49.914035      2 
51.187217      3 
53.486577      2 
55.803162      1 
58.31267       0 
60.041149      1 
63.013691      2 
65.864826      3 
67.673661      2 
70.516103      1 
73.356756      0 
74.705907      1 
75.927896      2 
77.597264      3 
80.247146      2 
83.04214       1 
84.72966       0 
85.795687      1 
87.159758      2 
89.176624      3 
90.934218      2 
93.348973      1 
94.98144       0 
97.85102       1 
100.09604      2 
101.43457      3 
104.04275      2 
105.10365      1 
108.05919      0 
109.23349      1 
110.69469      2 
112.28585      3 
113.74173      2 
114.74664      1 
117.70186      0 
120.30857      1 
121.52111      2 
123.04676      3 
124.77763      2 
126.9865       1 
128.77273      0 
131.59098      1 
134.39981      2 
136.69341      3 
138.78066      2 
140.51687      1 
142.06713      0 
143.08878      1 
145.46255      2 
147.5561       3 
150.52023      2 
152.53803      1 
153.67705      0 
155.37448      1 
157.02361      2 
159.28733      3 
161.04483      2 
163.06734      1 
165.31931      0 
166.63665      1 
169.03886      2 
171.33004      3 
172.59581      2 
173.91349      1 
176.01675      0 
178.26147      1 
179.42441      2 
180.67725      3 
183.61095      2 
185.67305      1 
188.49275      0 
190.09292      1 
191.72969      2 
193.18055      3 
196.13299      2 
198.77313      1 
201.7005       0 
203.03076      1 
205.85809      2 
207.5683       3 
209.86572      2 
211.74457      1 
212.99217      0 
214.21893      1 
215.33965      2 
216.35671      3 
218.47706      2 
219.78702      1 
221.64797      0 
224.47926      1 
226.50338      2 
229.38076      3 
230.59245      2 
231.71015      1 
234.57705      0 
236.83085      1 
