2.5537305      2 
5.123452       3 
6.6416799      2 
7.8394547      1 
9.6645025      0 
12.235982      1 
13.51591       2 
15.227301      3 
16.272282      2 
17.848499      1 
19.956011      0 
22.8124        1 
23.942032      2 
26.917566      3 
28.248822      2 
29.354616      1 
31.609031      0 
34.515509      1 
36.516335      2 
38.161156      3 
40.538857      2 
41.760222      1 
43.687025      0 
46.317987      1 
49.26519       2 
51.422643      3 
53.333258      2 
55.510165      1 
57.264596      0 
59.777897      1 
61.416247      2 
64.364143      3 
65.532325      2 
68.51663       1 
70.763713      0 
73.619573      1 
75.860943      2 
78.685015      3 
81.505946      2 
82.788028      1 
85.394136      0 
87.686873      1 
89.689175      2 
91.841197      3 
93.596791      2 
94.859573      1 
96.895709      0 
99.34178       1 
101.49646      2 
103.28739      3 
105.53857      2 
107.60341      1 
109.43388      0 
112.21801      1 
114.5209       2 
115.54887      3 
118.24727      2 
120.93533      1 
122.64503      0 
125.06683      1 
127.51089      2 
130.18787      3 
131.54653      2 
133.22178      1 
135.20966      0 
137.97103      1 
139.24999      2 
141.97867      3 
143.91891      2 
145.37101      1 
147.00668      0 
148.48487      1 
151.15175      2 
152.28785      3 
154.97087      2 
157.71237      1 
158.76927      0 
161.4296       1 
162.67352      2 
164.05921      3 
166.70347      2 
167.90069      1 
170.47234      0 
173.26404      1 
175.56404      2 
177.73802      3 
180.16201      2 
181.68465      1 
184.02957      0 
186.57024      1 
188.02486      2 
190.67881      3 
193.04961      2 
194.76126      1 
196.17518      0 
198.03112      1 
199.18641      2 
201.6449       3 
203.73962      2 
205.73753      1 
208.58134      0 
210.86047      1 
212.53341      2 
215.07463      3 
217.50653      2 
218.5184       1 
219.57444      0 
221.65838      1 
224.48154      2 
225.86173      3 
228.17893      2 
231.03501      1 
232.18932      0 
234.12653      1 
236.78005      2 
239.42322      3 
240.56236      2 
241.75879      1 
243.03705      0 
244.95181      1 
