1.4941624      2 
3.5853364      3 
5.3441585      2 
7.5996388      1 
9.3619709      0 
11.769142      1 
14.267762      2 
16.16224       3 
18.21386       2 
19.873851      1 
22.216272      0 
24.676545      1 
26.670768      2 
29.298968      3 
31.194211      2 
33.183902      1 
35.223863      0 
38.145609      1 
39.297636      2 
41.622654      3 
43.659128      2 
46.286036      1 
47.374093      0 
50.008751      1 
52.343792      2 
54.90851       3 
56.756363      2 
59.444061      1 
61.825824      0 
63.157368      1 
64.386819      2 
65.425314      3 
67.46287       2 
69.357413      1 
71.960586      0 
73.946814      1 
76.18152       2 
78.411554      3 
81.186757      2 
82.635008      1 
84.523072      0 
87.373526      1 
89.355398      2 
91.807643      3 
93.070993      2 
94.379799      1 
97.210861      0 
99.660431      1 
101.2656       2 
102.2893       3 
105.0307       2 
106.65403      1 
109.00495      0 
110.81051      1 
112.66192      2 
115.10908      3 
116.53487      2 
119.24524      1 
120.45901      0 
122.84227      1 
124.69266      2 
126.60959      3 
127.68146      2 
129.9722       1 
131.2563       0 
133.28016      1 
135.38129      2 
136.7216       3 
138.40328      2 
139.88807      1 
142.14631      0 
144.82919      1 
147.73902      2 
150.0876       3 
151.76421      2 
154.5315       1 
157.05614      0 
159.11842      1 
160.62577      2 
162.74237      3 
165.64317      2 
167.2629       1 
169.62717      0 
170.65786      1 
172.47087      2 
173.9267       3 
176.22207      2 
178.04743      1 
180.56512      0 
182.11523      1 
185.01868      2 
186.64872      3 
188.65183      2 
190.85502      1 
192.60116      0 
193.75179      1 
196.09501      2 
198.11378      3 
199.72577      2 
202.35517      1 
204.36712      0 
207.19826      1 
209.61876      2 
212.1871       3 
213.92316      2 
215.48806      1 
217.68232      0 
219.34924      1 
221.22491      2 
223.20814      3 
224.26853      2 
225.70684      1 
227.82493      0 
229.48919      1 
231.13347      2 
232.85575      3 
235.30987      2 
238.18833      1 
240.21213      0 
242.32959      1 
