2.3545031      2 
3.528284       3 
5.1324068      2 
7.714681       1 
10.654757      0 
12.350236      1 
14.986887      2 
17.381217      3 
19.465404      2 
22.049729      1 
23.258375      0 
26.101404      1 
27.500833      2 
30.241654      3 
31.509666      2 
33.519569      1 
34.919382      0 
37.559993      1 
38.859859      2 
41.694372      3 
43.549102      2 
45.46557       1 
46.973095      0 
48.830749      1 
51.234654      2 
52.990118      3 
54.156144      2 
55.515462      1 
56.792219      0 
59.316617      1 
61.483455      2 
63.688555      3 
65.42962       2 
67.106646      1 
69.10227       0 
70.842343      1 
73.706403      2 
75.464653      3 
77.502591      2 
79.480366      1 
81.81815       0 
83.025884      1 
84.763091      2 
87.2794        3 
88.65858       2 
91.416761      1 
93.400326      0 
95.620405      1 
97.25714       2 
98.407958      3 
100.02291      2 
102.70339      1 
104.8025       0 
107.04003      1 
109.01068      2 
110.68586      3 
113.00657      2 
114.68639      1 
117.38642      0 
118.93482      1 
120.01607      2 
122.21184      3 
124.74853      2 
127.21901      1 
129.87842      0 
131.23967      1 
133.84549      2 
135.52602      3 
136.8143       2 
138.57058      1 
140.89261      0 
143.08842      1 
144.43926      2 
147.29934      3 
149.77606      2 
152.59832      1 
155.45626      0 
158.24601      1 
160.32887      2 
163.22837      3 
165.75793      2 
168.48632      1 
170.5359       0 
173.03075      1 
174.06219      2 
176.49181      3 
178.80684      2 
180.67293      1 
182.57039      0 
183.89709      1 
185.00964      2 
187.90562      3 
190.32735      2 
191.49238      1 
192.58306      0 
194.36066      1 
196.64729      2 
199.19577      3 
200.90225      2 
202.59755      1 
203.80656      0 
205.08874      1 
207.82464      2 
209.77266      3 
210.80584      2 
213.76208      1 
216.40417      0 
219.26301      1 
221.18473      2 
222.77926      3 
224.47513      2 
226.54941      1 
228.58573      0 
230.47386      1 
232.99838      2 
235.18011      3 
236.57724      2 
237.87331      1 
239.36064      0 
241.62763      1 
