2.164578       2 
3.566973       3 
6.5004816      2 
8.4302752      1 
11.340994      0 
14.057082      1 
16.322392      2 
18.885661      3 
20.111273      2 
22.642673      1 
24.895693      0 
26.18714       1 
27.305946      2 
30.262125      3 
31.689162      2 
32.793948      1 
35.56895       0 
37.4509        1 
39.902506      2 
42.64207       3 
45.10825       2 
47.611335      1 
50.598557      0 
51.60884       1 
53.377173      2 
55.665165      3 
57.434608      2 
59.471515      1 
61.978954      0 
63.798632      1 
66.752777      2 
69.645148      3 
71.324817      2 
74.063482      1 
76.504709      0 
77.885333      1 
80.509623      2 
83.471797      3 
84.786096      2 
86.941979      1 
88.2468        0 
89.335051      1 
91.544845      2 
92.554778      3 
94.713491      2 
97.429837      1 
98.884339      0 
100.24972      1 
102.86667      2 
105.47023      3 
107.72125      2 
110.29647      1 
112.21357      0 
113.72234      1 
115.53725      2 
117.97329      3 
119.63525      2 
121.24972      1 
122.31887      0 
124.66685      1 
127.21178      2 
128.58789      3 
129.62975      2 
132.02644      1 
134.993        0 
136.36698      1 
138.50865      2 
139.68495      3 
141.03488      2 
142.23096      1 
144.93824      0 
146.50068      1 
148.74977      2 
151.0816       3 
153.70757      2 
155.42914      1 
158.06271      0 
160.06956      1 
162.73204      2 
164.14795      3 
165.60477      2 
167.98641      1 
170.87165      0 
173.38054      1 
175.24625      2 
176.45112      3 
179.27383      2 
180.58135      1 
183.19462      0 
184.5125       1 
187.19493      2 
189.15598      3 
191.62959      2 
192.80727      1 
194.70972      0 
195.771        1 
198.53627      2 
200.24198      3 
202.18714      2 
203.32021      1 
205.45065      0 
208.14206      1 
210.32778      2 
212.43742      3 
215.14892      2 
217.25491      1 
219.48803      0 
221.35037      1 
224.2304       2 
227.11862      3 
229.66092      2 
231.57607      1 
233.71512      0 
235.57966      1 
237.74528      2 
240.0904       3 
242.34178      2 
243.40406      1 
245.13203      0 
247.67302      1 
