1.6876053      2 
2.972443       3 
5.919913       2 
7.8174333      1 
9.1847584      0 
11.133798      1 
12.821553      2 
14.745579      3 
17.359361      2 
18.893675      1 
21.455773      0 
24.319313      1 
25.583         2 
27.875335      3 
29.975785      2 
31.164982      1 
34.076173      0 
37.043155      1 
39.583077      2 
42.403957      3 
44.583044      2 
47.500275      1 
49.702707      0 
51.884995      1 
53.35995       2 
56.17657       3 
58.625055      2 
61.054978      1 
62.277626      0 
63.52017       1 
66.397787      2 
69.148833      3 
71.695068      2 
73.818105      1 
75.615997      0 
78.056129      1 
79.838808      2 
81.632485      3 
84.464889      2 
87.228813      1 
88.658509      0 
90.698411      1 
92.832624      2 
93.90509       3 
95.617763      2 
97.591541      1 
100.1716       0 
102.05928      1 
104.86978      2 
106.66782      3 
108.57021      2 
110.04205      1 
112.17213      0 
113.43223      1 
114.45062      2 
117.26684      3 
119.88283      2 
122.82476      1 
125.76066      0 
126.9449       1 
128.72683      2 
130.80053      3 
132.58122      2 
134.70344      1 
137.04651      0 
138.4368       1 
140.08944      2 
141.94997      3 
143.17038      2 
146.13631      1 
148.73252      0 
151.6926       1 
154.2809       2 
155.32739      3 
157.77808      2 
158.97943      1 
161.27111      0 
163.78532      1 
166.74177      2 
168.4866       3 
171.34618      2 
173.00326      1 
174.09339      0 
176.40662      1 
178.87924      2 
181.59451      3 
183.46751      2 
185.53577      1 
187.94653      0 
190.22466      1 
191.53058      2 
193.21885      3 
194.95298      2 
197.63063      1 
200.40786      0 
201.55698      1 
203.35023      2 
204.55356      3 
207.46104      2 
210.46084      1 
213.43593      0 
214.93327      1 
216.35774      2 
217.35823      3 
219.97317      2 
222.54876      1 
225.44931      0 
226.49834      1 
227.99691      2 
229.8297       3 
231.21655      2 
233.68789      1 
235.86844      0 
237.72029      1 
239.04252      2 
241.81762      3 
244.28234      2 
246.00906      1 
247.92748      0 
250.26908      1 
