2.1939233      2 
3.4823329      3 
5.6600654      2 
6.9834551      1 
8.5417675      0 
10.599091      1 
13.451066      2 
15.246107      3 
17.150375      2 
19.509207      1 
20.574102      0 
22.552718      1 
24.767829      2 
27.067867      3 
29.806388      2 
32.086227      1 
34.86687       0 
37.748341      1 
39.015119      2 
41.024708      3 
42.60417       2 
45.216503      1 
46.612435      0 
47.811646      1 
50.412534      2 
52.752491      3 
54.085888      2 
56.938472      1 
59.080863      0 
61.522303      1 
63.885082      2 
65.306044      3 
68.212091      2 
69.384939      1 
71.075553      0 
72.396347      1 
74.063383      2 
75.92741       3 
78.505861      2 
81.424257      1 
83.232454      0 
84.519795      1 
86.146649      2 
87.958089      3 
90.149977      2 
92.494407      1 
95.201496      0 
97.605372      1 
100.22263      2 
101.9409       3 
104.1938       2 
106.37326      1 
109.1775       0 
112.03703      1 
113.5827       2 
115.754        3 
117.21649      2 
119.62716      1 
121.44934      0 
124.11191      1 
127.05357      2 
129.35177      3 
131.53846      2 
133.1306       1 
134.44013      0 
136.20991      1 
139.10442      2 
141.97279      3 
143.89807      2 
145.73007      1 
148.15161      0 
149.16925      1 
152.04492      2 
154.90532      3 
157.51546      2 
159.14828      1 
161.21091      0 
163.67457      1 
165.44428      2 
167.83431      3 
169.79494      2 
170.96087      1 
172.0003       0 
174.27965      1 
175.97608      2 
178.59666      3 
180.73988      2 
183.30243      1 
184.7694       0 
186.55248      1 
188.74354      2 
190.66929      3 
193.64015      2 
196.53951      1 
198.86736      0 
201.72401      1 
202.93963      2 
205.54722      3 
208.05924      2 
210.07043      1 
213.02716      0 
214.7474       1 
217.54147      2 
219.21569      3 
220.87894      2 
222.98585      1 
225.02565      0 
226.39303      1 
228.54777      2 
229.8723       3 
232.63971      2 
234.16732      1 
236.70756      0 
239.22649      1 
240.52105      2 
241.69011      3 
243.32554      2 
244.86081      1 
247.79806      0 
250.09583      1 
