2.9812781      2 
4.7307492      3 
6.6681789      2 
7.7524236      1 
9.6407833      0 
12.039141      1 
13.521739      2 
15.821537      3 
18.149974      2 
20.704705      1 
22.25975       0 
24.834717      1 
26.355871      2 
27.843866      3 
28.926257      2 
31.656221      1 
34.264428      0 
36.401785      1 
38.21816       2 
39.531725      3 
41.706674      2 
44.666958      1 
47.156449      0 
48.952348      1 
50.408721      2 
53.339198      3 
55.331026      2 
57.26742       1 
60.015471      0 
62.825055      1 
64.492794      2 
65.622119      3 
68.149978      2 
69.954377      1 
72.704371      0 
75.579157      1 
76.97133       2 
79.488413      3 
80.712164      2 
82.676307      1 
83.71701       0 
86.051606      1 
87.295196      2 
88.784962      3 
90.29555       2 
91.900982      1 
94.011356      0 
96.489763      1 
97.540349      2 
99.890712      3 
101.40442      2 
104.32859      1 
106.17956      0 
107.55749      1 
108.73009      2 
111.44242      3 
113.86231      2 
115.58603      1 
117.21069      0 
119.09944      1 
120.30538      2 
122.65679      3 
124.29274      2 
126.86145      1 
128.22007      0 
129.60105      1 
132.01945      2 
133.92624      3 
135.90879      2 
137.24231      1 
138.56692      0 
140.39869      1 
142.89107      2 
144.94036      3 
147.07878      2 
148.81571      1 
149.87604      0 
152.1757       1 
153.38412      2 
155.4803       3 
158.22907      2 
160.95974      1 
162.81134      0 
164.55146      1 
165.774        2 
166.98529      3 
169.2519       2 
171.45372      1 
172.82246      0 
175.43268      1 
176.55651      2 
178.66174      3 
180.76326      2 
181.76393      1 
183.94469      0 
186.47015      1 
188.17187      2 
189.70688      3 
191.87893      2 
193.98917      1 
195.7466       0 
197.19556      1 
199.89862      2 
201.00367      3 
202.16884      2 
204.16801      1 
205.72118      0 
208.21837      1 
210.54117      2 
212.73385      3 
214.16586      2 
216.75068      1 
218.03592      0 
220.79553      1 
222.88177      2 
225.31509      3 
228.138        2 
231.0435       1 
234.0303       0 
235.82479      1 
