2.2102124      2 
3.4763903      3 
5.7536346      2 
8.6419633      1 
10.303862      0 
12.39446       1 
14.620513      2 
17.324214      3 
19.542878      2 
20.568064      1 
23.38341       0 
25.8382        1 
27.668006      2 
29.509984      3 
30.620171      2 
32.253058      1 
34.514546      0 
35.93032       1 
38.747182      2 
41.518933      3 
43.989403      2 
45.745652      1 
47.928945      0 
50.215802      1 
52.32073       2 
54.168733      3 
56.774135      2 
59.250232      1 
61.335649      0 
63.937999      1 
65.901643      2 
68.842856      3 
70.476766      2 
72.659519      1 
73.912207      0 
76.033862      1 
77.653675      2 
78.934227      3 
81.440275      2 
84.244452      1 
87.126437      0 
89.075063      1 
91.306165      2 
93.856931      3 
95.804053      2 
98.582295      1 
100.42739      0 
101.73346      1 
104.19053      2 
106.01664      3 
107.74305      2 
109.79161      1 
112.06258      0 
114.93021      1 
116.19393      2 
118.57878      3 
120.39233      2 
122.64052      1 
125.14395      0 
127.61069      1 
130.17357      2 
131.18222      3 
133.32575      2 
135.63646      1 
137.75675      0 
139.81503      1 
141.67278      2 
143.05171      3 
145.60057      2 
146.68477      1 
148.28195      0 
150.78466      1 
152.55797      2 
153.89764      3 
156.50558      2 
158.11495      1 
160.19976      0 
162.22121      1 
165.03376      2 
167.84486      3 
169.19659      2 
172.05221      1 
173.25708      0 
174.26296      1 
176.33272      2 
177.4446       3 
180.2091       2 
181.23062      1 
183.28637      0 
185.91976      1 
187.56595      2 
189.64583      3 
191.06849      2 
193.40879      1 
195.66629      0 
198.50286      1 
200.43649      2 
203.12063      3 
205.82021      2 
207.42408      1 
210.09834      0 
212.90153      1 
214.6202       2 
217.58933      3 
219.02717      2 
221.95173      1 
223.49256      0 
224.99194      1 
226.45565      2 
229.07998      3 
231.8301       2 
233.91697      1 
236.66822      0 
238.20979      1 
240.44332      2 
242.74139      3 
245.48439      2 
246.51456      1 
249.15146      0 
251.45364      1 
