1.7633255      2 
4.3070192      3 
6.8801449      2 
9.7051789      1 
11.787929      0 
13.586002      1 
15.986079      2 
17.356123      3 
18.388286      2 
20.908029      1 
23.01939       0 
25.059339      1 
26.85751       2 
29.037428      3 
30.803039      2 
32.684295      1 
34.794458      0 
37.337758      1 
39.235521      2 
41.065521      3 
43.8937        2 
45.685455      1 
48.624509      0 
51.51051       1 
54.457986      2 
55.963001      3 
58.96015       2 
60.770693      1 
63.440341      0 
65.286866      1 
67.475168      2 
70.474777      3 
72.952649      2 
74.46781       1 
76.381598      0 
78.18342       1 
80.238123      2 
81.372294      3 
83.349944      2 
84.758308      1 
87.721144      0 
90.686704      1 
93.384107      2 
95.809335      3 
97.533447      2 
98.676753      1 
99.747972      0 
101.80962      1 
104.52786      2 
107.05075      3 
108.65086      2 
110.66451      1 
111.91145      0 
113.3289       1 
114.97968      2 
116.06042      3 
117.71598      2 
119.64756      1 
122.14727      0 
124.48102      1 
126.10612      2 
129.09926      3 
130.91476      2 
132.21449      1 
134.80533      0 
135.8589       1 
136.97544      2 
139.17488      3 
140.77433      2 
142.40166      1 
145.1924       0 
147.35739      1 
148.4857       2 
151.26725      3 
152.42531      2 
154.70709      1 
157.10785      0 
159.55072      1 
161.27636      2 
163.29279      3 
164.40152      2 
166.77035      1 
167.9425       0 
170.48292      1 
171.76247      2 
174.07076      3 
176.10895      2 
177.51383      1 
179.73025      0 
182.26185      1 
184.72521      2 
186.90757      3 
188.4626       2 
190.14965      1 
192.59925      0 
193.90071      1 
196.61712      2 
197.76362      3 
200.22533      2 
201.42113      1 
204.20174      0 
205.8518       1 
207.40957      2 
209.00728      3 
210.3205       2 
212.09655      1 
213.55768      0 
215.86506      1 
218.34538      2 
219.56793      3 
221.57291      2 
223.8081       1 
224.83994      0 
226.75148      1 
228.24644      2 
231.01618      3 
232.09447      2 
234.30847      1 
236.81154      0 
237.88334      1 
