2.4325258      2 
5.1824342      3 
6.4663367      2 
8.4660475      1 
10.397698      0 
11.895255      1 
14.706931      2 
16.042006      3 
19.018427      2 
20.695745      1 
23.509366      0 
26.115641      1 
28.565933      2 
29.674014      3 
31.599014      2 
32.844219      1 
34.298396      0 
36.918137      1 
39.112958      2 
42.07162       3 
44.810681      2 
47.438508      1 
49.991636      0 
52.283279      1 
55.127727      2 
56.892233      3 
59.834866      2 
61.878107      1 
64.645421      0 
67.019324      1 
69.797955      2 
71.430575      3 
72.506415      2 
74.722924      1 
76.401247      0 
78.630698      1 
80.208484      2 
83.115646      3 
84.912543      2 
87.486074      1 
90.306451      0 
92.849041      1 
95.488696      2 
98.044313      3 
99.810659      2 
100.95954      1 
101.99123      0 
103.33207      1 
106.08342      2 
107.17449      3 
109.79284      2 
110.9026       1 
113.01303      0 
114.89859      1 
115.90664      2 
117.15263      3 
118.18582      2 
119.95486      1 
122.91428      0 
125.66571      1 
127.94305      2 
130.13114      3 
132.21018      2 
134.45167      1 
136.03607      0 
137.06039      1 
139.04449      2 
140.8058       3 
142.28869      2 
144.27417      1 
145.58788      0 
148.11655      1 
149.25556      2 
152.04874      3 
154.88442      2 
156.62416      1 
158.33951      0 
160.22351      1 
161.91935      2 
163.77354      3 
165.55226      2 
167.60071      1 
168.69984      0 
170.92664      1 
172.47781      2 
173.81284      3 
176.77084      2 
178.31957      1 
181.1169       0 
182.52914      1 
183.87916      2 
185.61031      3 
188.29516      2 
190.23391      1 
192.41169      0 
193.48985      1 
195.28239      2 
196.75106      3 
197.90283      2 
200.41074      1 
202.9287       0 
204.15218      1 
205.5677       2 
208.07036      3 
209.91803      2 
211.489        1 
213.74478      0 
216.65686      1 
218.09553      2 
219.74715      3 
221.50888      2 
222.91531      1 
225.30196      0 
227.46863      1 
228.86258      2 
230.55894      3 
233.5506       2 
235.95261      1 
238.63533      0 
241.36863      1 
