1.2105027      2 
4.1496736      3 
5.8924626      2 
8.804625       1 
10.910249      0 
13.239676      1 
14.581312      2 
16.336213      3 
18.84786       2 
21.746866      1 
23.679704      0 
26.292519      1 
28.175771      2 
30.98421       3 
31.987427      2 
34.520478      1 
35.977345      0 
37.856614      1 
40.7487        2 
42.297949      3 
44.96224       2 
46.560047      1 
49.349899      0 
50.602121      1 
52.021282      2 
54.961564      3 
57.370578      2 
58.595745      1 
60.621271      0 
62.085479      1 
64.314344      2 
66.755124      3 
67.970264      2 
69.652408      1 
71.334492      0 
72.637912      1 
74.009727      2 
76.540138      3 
77.621547      2 
80.518193      1 
82.781194      0 
84.93427       1 
86.515558      2 
88.840405      3 
91.685458      2 
93.54952       1 
94.878614      0 
97.587373      1 
99.57024       2 
102.19363      3 
103.75128      2 
106.65359      1 
108.60099      0 
110.22605      1 
112.48363      2 
114.40224      3 
116.98454      2 
118.04527      1 
119.34176      0 
122.31438      1 
123.49334      2 
126.07932      3 
128.86926      2 
131.02851      1 
132.20659      0 
134.3569       1 
136.08738      2 
137.8788       3 
139.30336      2 
142.30185      1 
143.73171      0 
145.60613      1 
148.05517      2 
150.63421      3 
152.0403       2 
153.6985       1 
156.38806      0 
157.77278      1 
159.20024      2 
161.21274      3 
162.374        2 
164.71352      1 
166.43519      0 
168.27935      1 
170.99345      2 
172.73675      3 
174.3913       2 
175.86594      1 
177.75934      0 
180.65963      1 
183.60853      2 
185.69384      3 
187.4574       2 
190.25418      1 
191.61312      0 
193.52913      1 
195.82988      2 
196.95435      3 
199.82209      2 
202.69609      1 
204.23889      0 
205.80077      1 
208.47435      2 
210.46393      3 
212.63691      2 
213.88864      1 
216.80808      0 
218.47207      1 
221.25994      2 
223.67533      3 
225.19998      2 
226.46923      1 
227.85737      0 
229.36736      1 
230.47868      2 
233.06486      3 
236.05563      2 
238.6422       1 
241.42328      0 
242.52459      1 
