2.0858762      2 
4.2811128      3 
6.3547039      2 
8.3298951      1 
10.865656      0 
13.686584      1 
16.277054      2 
19.239996      3 
20.960063      2 
23.02601       1 
25.995529      0 
28.561629      1 
29.592187      2 
31.833408      3 
34.255671      2 
36.603677      1 
39.563898      0 
42.130767      1 
43.567939      2 
46.150498      3 
47.514742      2 
50.185008      1 
51.911137      0 
54.704469      1 
56.153754      2 
58.364334      3 
59.98209       2 
62.052663      1 
64.62272       0 
66.074865      1 
67.48051       2 
70.228465      3 
71.399791      2 
72.460156      1 
75.091964      0 
78.039129      1 
80.879055      2 
82.840024      3 
85.157296      2 
86.74823       1 
87.983325      0 
90.304185      1 
92.107919      2 
93.997555      3 
95.949366      2 
98.603145      1 
101.12486      0 
103.53345      1 
104.74365      2 
107.26742      3 
108.65661      2 
111.45653      1 
113.51013      0 
115.22985      1 
117.94943      2 
120.33235      3 
121.86577      2 
123.46877      1 
125.76615      0 
127.44075      1 
128.95701      2 
131.00832      3 
132.89463      2 
135.25222      1 
137.72857      0 
138.9553       1 
141.91839      2 
144.04146      3 
145.36988      2 
147.47721      1 
148.79512      0 
150.99083      1 
152.90964      2 
154.96233      3 
157.36343      2 
159.59553      1 
161.5725       0 
163.41818      1 
166.11742      2 
168.03579      3 
170.52724      2 
171.73146      1 
172.96514      0 
174.15106      1 
176.9204       2 
178.45173      3 
180.99137      2 
182.21263      1 
184.9092       0 
187.79945      1 
190.51772      2 
193.1695       3 
194.18151      2 
196.94956      1 
198.18292      0 
199.79014      1 
201.98288      2 
204.53942      3 
206.34531      2 
207.81899      1 
210.54112      0 
211.70124      1 
214.64039      2 
215.89463      3 
218.38137      2 
220.91397      1 
223.53797      0 
226.092        1 
228.30862      2 
231.23942      3 
232.24797      2 
234.28522      1 
236.71201      0 
239.49747      1 
241.8773       2 
243.26322      3 
244.77015      2 
246.8353       1 
248.69318      0 
249.9606       1 
