2.4271622      2 
3.6588064      3 
5.7629526      2 
8.6016202      1 
10.929072      0 
12.780061      1 
14.709727      2 
17.648738      3 
19.721696      2 
20.858112      1 
23.822795      0 
26.655749      1 
29.45841       2 
31.987991      3 
33.851855      2 
36.384932      1 
37.726242      0 
40.049959      1 
41.214053      2 
43.717781      3 
46.409758      2 
47.885852      1 
50.084228      0 
51.131891      1 
52.667789      2 
53.988049      3 
56.273496      2 
58.278336      1 
60.972931      0 
63.637051      1 
65.341366      2 
67.500022      3 
69.253268      2 
71.168545      1 
73.21967       0 
75.083177      1 
76.223143      2 
79.188735      3 
81.335924      2 
82.989181      1 
85.426741      0 
87.30357       1 
88.878858      2 
91.748058      3 
92.83683       2 
94.398903      1 
96.842559      0 
98.009679      1 
100.35794      2 
102.00132      3 
104.33823      2 
106.42084      1 
107.50694      0 
108.78914      1 
110.90546      2 
113.09631      3 
115.94462      2 
118.04229      1 
119.50143      0 
121.10939      1 
122.40692      2 
124.70436      3 
127.35066      2 
130.29306      1 
133.07576      0 
134.44706      1 
135.46509      2 
137.63761      3 
140.48823      2 
141.50831      1 
142.89547      0 
145.41843      1 
147.95394      2 
150.66621      3 
153.37159      2 
155.82675      1 
157.2306       0 
158.86077      1 
161.16919      2 
162.40221      3 
164.68672      2 
165.85215      1 
168.19291      0 
170.66621      1 
173.10074      2 
175.72978      3 
176.87456      2 
178.83102      1 
181.56423      0 
183.04973      1 
185.09143      2 
187.29533      3 
189.62739      2 
191.82069      1 
193.05909      0 
194.67437      1 
196.48097      2 
199.18859      3 
201.65586      2 
204.40562      1 
207.07237      0 
209.28018      1 
210.86445      2 
211.97998      3 
213.86175      2 
215.75795      1 
217.99838      0 
220.64939      1 
223.50277      2 
225.46999      3 
228.00581      2 
229.20436      1 
231.73382      0 
234.16311      1 
236.11628      2 
237.67059      3 
239.8787       2 
242.18426      1 
244.87241      0 
246.01567      1 
