1.6583453      2 
4.0642223      3 
5.3210846      2 
6.464777       1 
8.2931468      0 
10.943559      1 
13.024096      2 
15.314175      3 
18.125919      2 
20.64212       1 
23.558952      0 
26.40647       1 
28.53293       2 
29.815194      3 
31.979881      2 
33.067594      1 
35.243997      0 
36.971212      1 
39.670819      2 
42.500196      3 
45.362313      2 
47.191644      1 
49.746144      0 
52.628136      1 
53.866629      2 
56.58693       3 
58.002099      2 
60.61079       1 
63.488116      0 
65.095181      1 
67.494884      2 
69.563715      3 
71.999794      2 
73.223958      1 
74.738051      0 
76.490571      1 
77.570853      2 
79.836379      3 
81.153884      2 
83.525326      1 
85.824883      0 
88.620899      1 
91.111052      2 
93.416967      3 
94.524886      2 
96.419301      1 
97.655408      0 
99.7664        1 
102.01043      2 
104.57029      3 
106.7329       2 
108.86841      1 
111.14601      0 
112.79626      1 
115.22578      2 
118.03433      3 
120.61733      2 
122.20252      1 
123.54186      0 
125.73061      1 
127.64062      2 
129.37626      3 
131.43032      2 
132.76973      1 
134.59409      0 
137.3731       1 
139.71693      2 
142.66189      3 
145.47994      2 
146.85856      1 
149.61827      0 
152.46139      1 
155.40608      2 
156.91324      3 
158.07106      2 
160.07         1 
161.13237      0 
162.64193      1 
164.57471      2 
167.37025      3 
168.67712      2 
171.47443      1 
173.52284      0 
176.2066       1 
178.75493      2 
180.3198       3 
181.88805      2 
184.15486      1 
186.95363      0 
189.26877      1 
191.51076      2 
193.40221      3 
194.79836      2 
196.50997      1 
199.39279      0 
202.36381      1 
203.6479       2 
204.96251      3 
206.94645      2 
209.01351      1 
211.33792      0 
212.98224      1 
214.84131      2 
215.89739      3 
218.62059      2 
220.75718      1 
222.72274      0 
225.54033      1 
227.65543      2 
229.48685      3 
230.844        2 
233.75777      1 
235.1585       0 
238.06774      1 
240.93351      2 
243.20509      3 
244.3119       2 
245.58637      1 
248.0774       0 
250.82136      1 
