2.6245435      2 
5.2674025      3 
6.5140761      2 
8.8590964      1 
10.638307      0 
12.94861       1 
15.348839      2 
18.203221      3 
19.429222      2 
21.039754      1 
23.034801      0 
24.278366      1 
25.56149       2 
28.201554      3 
30.369492      2 
32.180985      1 
33.364545      0 
35.602409      1 
37.60495       2 
39.955935      3 
41.400327      2 
42.8248        1 
45.313663      0 
46.69872       1 
48.443392      2 
51.027683      3 
53.488024      2 
55.167244      1 
56.919184      0 
58.765648      1 
60.423468      2 
62.312113      3 
63.423863      2 
64.60193       1 
67.07157       0 
69.518091      1 
72.049339      2 
74.131802      3 
75.5217        2 
77.073267      1 
78.197575      0 
80.579366      1 
81.735655      2 
82.898445      3 
84.923926      2 
86.894119      1 
88.876061      0 
91.085207      1 
93.922162      2 
95.043689      3 
96.541428      2 
99.053025      1 
101.96989      0 
103.55905      1 
105.97777      2 
107.12959      3 
109.55622      2 
111.21492      1 
112.72058      0 
114.99943      1 
116.51576      2 
119.08811      3 
120.72721      2 
122.99873      1 
124.32056      0 
126.61843      1 
127.94697      2 
130.43983      3 
132.82759      2 
135.64953      1 
136.94981      0 
139.68055      1 
142.17557      2 
144.75141      3 
146.95066      2 
149.64375      1 
151.82578      0 
154.25715      1 
155.95448      2 
157.61994      3 
159.12937      2 
161.97894      1 
164.36906      0 
166.73666      1 
169.49076      2 
171.5664       3 
173.23466      2 
175.00767      1 
176.20972      0 
177.90791      1 
179.61974      2 
180.70448      3 
183.08298      2 
185.98095      1 
187.63152      0 
189.68727      1 
191.28966      2 
193.991        3 
196.72043      2 
199.53258      1 
200.59939      0 
203.21078      1 
205.68852      2 
206.70758      3 
207.92378      2 
210.16893      1 
211.91621      0 
214.39161      1 
215.93196      2 
217.3024       3 
218.7481       2 
220.22529      1 
223.13923      0 
224.42718      1 
225.91494      2 
228.91279      3 
230.26934      2 
232.67746      1 
235.27882      0 
236.29203      1 
