1.6861565      2 
2.9745625      3 
4.6301652      2 
6.1546963      1 
8.5781779      0 
10.73888       1 
13.26632       2 
14.326664      3 
16.302899      2 
19.171228      1 
20.499424      0 
22.037949      1 
23.051765      2 
24.656232      3 
26.073114      2 
27.415483      1 
29.989376      0 
32.429578      1 
34.984355      2 
37.969126      3 
40.514137      2 
42.127761      1 
43.570462      0 
46.366312      1 
49.311312      2 
51.143275      3 
53.336103      2 
55.966836      1 
57.732048      0 
58.826398      1 
61.507903      2 
64.069078      3 
66.983582      2 
68.075181      1 
69.377785      0 
70.540107      1 
72.827892      2 
73.920745      3 
75.115193      2 
76.736063      1 
78.13454       0 
80.76456       1 
81.918873      2 
83.860527      3 
85.046714      2 
86.575837      1 
89.286006      0 
90.877336      1 
92.917591      2 
94.420635      3 
97.193549      2 
98.728988      1 
101.08554      0 
102.28335      1 
103.31413      2 
105.83328      3 
108.37306      2 
110.29671      1 
112.17457      0 
115.13756      1 
117.90469      2 
120.60278      3 
122.96956      2 
125.96918      1 
127.28086      0 
129.08643      1 
131.88327      2 
133.59253      3 
135.87484      2 
137.83218      1 
139.51598      0 
140.59628      1 
142.74146      2 
144.66153      3 
146.87618      2 
149.61521      1 
151.38888      0 
153.22297      1 
154.44337      2 
155.70609      3 
158.62879      2 
161.01264      1 
162.10614      0 
164.07313      1 
166.32029      2 
167.35691      3 
170.00184      2 
171.71495      1 
172.99989      0 
174.21745      1 
175.96958      2 
177.97261      3 
180.52613      2 
182.23826      1 
184.75543      0 
186.10604      1 
187.7194       2 
189.01788      3 
191.00001      2 
192.7427       1 
194.65875      0 
196.79604      1 
199.77066      2 
201.29753      3 
203.56907      2 
206.21354      1 
208.48306      0 
210.35248      1 
212.93418      2 
214.46346      3 
216.65138      2 
218.28897      1 
220.95997      0 
222.34932      1 
224.35251      2 
226.13175      3 
228.59686      2 
230.84051      1 
232.857        0 
234.47598      1 
