1.8250219      2 
3.8448979      3 
5.7345788      2 
7.2830517      1 
8.8933801      0 
10.699255      1 
13.462934      2 
15.635421      3 
16.69474       2 
18.471196      1 
21.330151      0 
24.099147      1 
25.437948      2 
26.985892      3 
29.238702      2 
31.446844      1 
33.680586      0 
34.76248       1 
36.819881      2 
38.606563      3 
40.838275      2 
42.202824      1 
44.291231      0 
46.367127      1 
48.726311      2 
51.17456       3 
53.212624      2 
54.521577      1 
55.832797      0 
57.689557      1 
60.181383      2 
62.076704      3 
64.133018      2 
67.028927      1 
69.807932      0 
71.894993      1 
73.544998      2 
74.909785      3 
76.776687      2 
79.458556      1 
82.204673      0 
84.740409      1 
86.364559      2 
88.267341      3 
90.727926      2 
92.181945      1 
94.235221      0 
96.929462      1 
99.518344      2 
101.12805      3 
103.31318      2 
104.81529      1 
107.00297      0 
109.5214       1 
112.23339      2 
113.45679      3 
116.1326       2 
117.23205      1 
119.04965      0 
121.15601      1 
123.91162      2 
125.15145      3 
127.51208      2 
129.82435      1 
130.85439      0 
133.29397      1 
135.23154      2 
136.36989      3 
139.26495      2 
141.35857      1 
144.19147      0 
145.65712      1 
147.73576      2 
150.2341       3 
152.06305      2 
153.5661       1 
154.94429      0 
157.49267      1 
160.05364      2 
161.56288      3 
163.62474      2 
166.56064      1 
169.00216      0 
171.47599      1 
173.47718      2 
174.58701      3 
176.99692      2 
179.18265      1 
180.79105      0 
182.2777       1 
184.07807      2 
186.82783      3 
188.03123      2 
190.11444      1 
192.9777       0 
195.93331      1 
196.97067      2 
198.45863      3 
201.31709      2 
202.45684      1 
204.39604      0 
206.72906      1 
208.68788      2 
210.94736      3 
212.42857      2 
214.87878      1 
216.43215      0 
217.45119      1 
218.88443      2 
221.45913      3 
222.48118      2 
225.2581       1 
227.675        0 
230.05043      1 
231.87678      2 
234.00335      3 
236.83932      2 
238.63365      1 
240.12567      0 
241.4196       1 
