2.0350737      2 
3.5947172      3 
4.8932918      2 
6.228213       1 
8.7948423      0 
10.81894       1 
12.898937      2 
14.339384      3 
17.329891      2 
19.631267      1 
22.544812      0 
25.300589      1 
27.213916      2 
29.797267      3 
32.539007      2 
34.811235      1 
36.690172      0 
39.341629      1 
40.453456      2 
41.589964      3 
43.22829       2 
45.589391      1 
47.754706      0 
49.608233      1 
52.513984      2 
55.433528      3 
57.561175      2 
60.085256      1 
61.242818      0 
64.142931      1 
67.137844      2 
69.533406      3 
70.626024      2 
73.003656      1 
74.455278      0 
75.455726      1 
78.012849      2 
80.903167      3 
83.432407      2 
86.080015      1 
87.186646      0 
89.367207      1 
91.222685      2 
93.318367      3 
95.675384      2 
97.805472      1 
100.44944      0 
101.68134      1 
103.16421      2 
105.14196      3 
106.67799      2 
109.46845      1 
110.91372      0 
113.63366      1 
115.40305      2 
117.27729      3 
119.09362      2 
120.36545      1 
122.05597      0 
124.67734      1 
125.87195      2 
126.98554      3 
129.5979       2 
131.70203      1 
133.31739      0 
134.82976      1 
137.66921      2 
139.34058      3 
141.00292      2 
143.13868      1 
144.58444      0 
147.14474      1 
148.70156      2 
150.51553      3 
152.7792       2 
154.86137      1 
156.63723      0 
158.64503      1 
160.90556      2 
163.18274      3 
164.67431      2 
167.1736       1 
169.94927      0 
172.18644      1 
174.77941      2 
177.46704      3 
178.57246      2 
179.76743      1 
180.84699      0 
183.59384      1 
184.67222      2 
185.73872      3 
188.43798      2 
190.61452      1 
191.75757      0 
194.41565      1 
196.88119      2 
198.75824      3 
200.27709      2 
201.98694      1 
203.90765      0 
205.10991      1 
206.97892      2 
209.92078      3 
211.88439      2 
213.07069      1 
215.42147      0 
216.69994      1 
218.79081      2 
219.93698      3 
222.65061      2 
225.3878       1 
226.61688      0 
228.59715      1 
231.2026       2 
232.51025      3 
233.77847      2 
236.63254      1 
239.46407      0 
241.46003      1 
