1.8519438      2 
2.8569467      3 
4.2559544      2 
6.2359939      1 
7.8422185      0 
10.13853       1 
12.918277      2 
14.395655      3 
16.838882      2 
18.498174      1 
19.844942      0 
21.569012      1 
23.925532      2 
26.280521      3 
29.052393      2 
30.071106      1 
31.998627      0 
33.138508      1 
34.377793      2 
37.209368      3 
39.20983       2 
40.428256      1 
42.01733       0 
43.580433      1 
45.921186      2 
48.625764      3 
50.703969      2 
53.325165      1 
55.245583      0 
56.823397      1 
59.680362      2 
62.410656      3 
64.461313      2 
66.508507      1 
68.351856      0 
70.618431      1 
72.763095      2 
74.533458      3 
77.181441      2 
80.065215      1 
82.613488      0 
84.13679       1 
85.371423      2 
87.084059      3 
88.731539      2 
90.140804      1 
92.422193      0 
94.600945      1 
96.655518      2 
99.125338      3 
100.78213      2 
102.46615      1 
104.75717      0 
106.50969      1 
108.52089      2 
109.78919      3 
111.55498      2 
113.44116      1 
115.77019      0 
116.86903      1 
118.24032      2 
120.01758      3 
121.68165      2 
122.92853      1 
125.35619      0 
126.99243      1 
128.47973      2 
131.19579      3 
132.79255      2 
135.10654      1 
136.45454      0 
138.58161      1 
139.94188      2 
141.84423      3 
143.7761       2 
146.50737      1 
148.95058      0 
151.8807       1 
154.83259      2 
156.04694      3 
158.21986      2 
159.23342      1 
161.62007      0 
163.69534      1 
164.79587      2 
166.7358       3 
168.32093      2 
170.87604      1 
173.00114      0 
175.52074      1 
178.29984      2 
181.23992      3 
182.38762      2 
184.32168      1 
185.86327      0 
188.25962      1 
190.25961      2 
192.58792      3 
194.53396      2 
197.47109      1 
200.40977      0 
203.15648      1 
204.6368       2 
206.0929       3 
208.64163      2 
210.06033      1 
212.75788      0 
214.25203      1 
215.7909       2 
218.37215      3 
219.7404       2 
221.43653      1 
223.11808      0 
225.67649      1 
226.80651      2 
228.40505      3 
230.37743      2 
231.92661      1 
234.79839      0 
236.58273      1 
