1.5210341      2 
3.5157148      3 
6.0434716      2 
8.8818275      1 
10.542626      0 
11.577169      1 
14.508248      2 
17.469973      3 
19.794682      2 
20.945858      1 
23.396614      0 
26.070735      1 
27.223576      2 
29.468795      3 
31.246966      2 
32.816612      1 
35.244216      0 
37.181524      1 
39.10153       2 
41.320663      3 
43.338769      2 
46.173839      1 
49.16911       0 
50.240853      1 
51.298598      2 
52.945156      3 
54.470467      2 
56.839317      1 
58.421525      0 
61.118885      1 
62.693287      2 
63.906592      3 
65.981584      2 
68.199824      1 
70.321033      0 
71.607644      1 
73.096423      2 
75.712464      3 
76.95125       2 
78.880172      1 
81.25108       0 
83.395863      1 
86.008016      2 
88.87736       3 
90.954833      2 
92.447886      1 
94.481349      0 
95.788855      1 
98.112586      2 
99.522968      3 
101.73726      2 
102.76901      1 
105.13988      0 
106.68363      1 
109.19006      2 
110.40919      3 
111.75365      2 
114.26123      1 
115.41184      0 
117.56804      1 
120.04038      2 
121.91906      3 
123.46754      2 
125.21412      1 
127.45962      0 
129.31767      1 
130.33843      2 
132.02535      3 
134.60092      2 
135.65313      1 
137.84385      0 
140.1061       1 
141.48378      2 
144.04193      3 
145.39826      2 
148.06711      1 
149.31856      0 
152.00128      1 
154.66779      2 
157.3682       3 
158.60132      2 
161.47613      1 
163.70751      0 
164.76752      1 
165.78487      2 
168.66374      3 
169.90747      2 
172.78351      1 
175.55618      0 
177.053        1 
179.83342      2 
182.57505      3 
185.13265      2 
187.40278      1 
188.48253      0 
190.54219      1 
192.48415      2 
194.80654      3 
196.82399      2 
198.42271      1 
200.64407      0 
203.33776      1 
205.61389      2 
206.65786      3 
208.84956      2 
211.67592      1 
212.94109      0 
214.64686      1 
216.01704      2 
218.68115      3 
220.44686      2 
221.8942       1 
223.7435       0 
225.96994      1 
227.17944      2 
228.86072      3 
231.19625      2 
233.26849      1 
235.40353      0 
237.49682      1 
