2.0347159      2 
3.2475094      3 
5.9351334      2 
8.5597616      1 
9.973982       0 
12.604186      1 
13.862617      2 
16.369125      3 
18.930715      2 
20.042287      1 
21.430275      0 
23.68188       1 
25.925042      2 
28.55775       3 
30.778046      2 
33.533175      1 
35.94345       0 
37.769465      1 
39.852092      2 
41.019708      3 
43.188375      2 
45.503367      1 
48.340139      0 
49.933797      1 
51.00629       2 
53.190381      3 
55.293426      2 
56.721016      1 
59.174473      0 
61.168352      1 
62.416268      2 
63.52338       3 
64.985423      2 
67.551032      1 
70.473828      0 
72.998576      1 
74.063285      2 
75.497059      3 
78.322599      2 
80.099876      1 
81.492612      0 
84.428998      1 
86.856486      2 
88.758851      3 
91.21066       2 
93.780794      1 
94.966494      0 
96.415281      1 
97.854091      2 
100.77784      3 
103.34703      2 
104.84496      1 
105.85871      0 
108.78535      1 
110.37715      2 
112.90461      3 
113.9791       2 
116.72411      1 
118.83523      0 
120.83996      1 
122.36023      2 
123.41534      3 
125.87411      2 
128.56745      1 
130.9795       0 
133.33005      1 
135.63364      2 
137.83784      3 
140.25646      2 
142.95973      1 
145.81767      0 
148.52793      1 
151.14131      2 
153.14579      3 
155.97783      2 
158.23459      1 
159.79749      0 
162.38111      1 
164.557        2 
166.89335      3 
169.84854      2 
171.76966      1 
174.73878      0 
175.86597      1 
177.19873      2 
178.47737      3 
179.84171      2 
181.53371      1 
184.24132      0 
186.71535      1 
188.62552      2 
191.1442       3 
193.66647      2 
194.79556      1 
195.79706      0 
197.20539      1 
199.15916      2 
201.6372       3 
203.72567      2 
205.63174      1 
208.44911      0 
209.61942      1 
211.61987      2 
213.20037      3 
214.8063       2 
216.84411      1 
219.39937      0 
221.19795      1 
223.2739       2 
224.311        3 
226.9698       2 
229.22871      1 
232.12399      0 
233.50004      1 
236.05434      2 
238.62233      3 
240.36017      2 
243.01659      1 
245.52006      0 
247.92437      1 
