1.7611367      2 
4.0783262      3 
6.0296483      2 
7.9016052      1 
10.045281      0 
11.511871      1 
13.151205      2 
15.598243      3 
17.022389      2 
18.946702      1 
21.806858      0 
23.995409      1 
26.729624      2 
28.864329      3 
30.606406      2 
33.506016      1 
35.35042       0 
37.854177      1 
39.528235      2 
42.412562      3 
43.988186      2 
46.275607      1 
48.831573      0 
50.325985      1 
52.103493      2 
55.093704      3 
56.732487      2 
58.239157      1 
60.298072      0 
62.746595      1 
64.103898      2 
66.995749      3 
68.912091      2 
70.185594      1 
71.596785      0 
73.462891      1 
74.521682      2 
75.878725      3 
77.746304      2 
80.444446      1 
82.997441      0 
84.160143      1 
86.681785      2 
89.54379       3 
90.951654      2 
92.694766      1 
93.921063      0 
96.872426      1 
99.746242      2 
101.59852      3 
102.82151      2 
103.95975      1 
105.67395      0 
107.01432      1 
109.51141      2 
110.58989      3 
112.40448      2 
115.07         1 
117.02216      0 
119.97746      1 
122.03148      2 
123.79615      3 
125.94464      2 
128.71517      1 
131.11697      0 
133.80822      1 
135.44063      2 
137.78722      3 
139.37515      2 
141.19748      1 
143.83472      0 
145.47422      1 
148.07986      2 
150.2735       3 
151.95564      2 
153.06066      1 
155.68248      0 
158.21459      1 
160.72377      2 
162.31423      3 
163.32675      2 
165.35713      1 
166.6605       0 
169.36594      1 
172.01081      2 
173.76369      3 
175.13922      2 
177.79812      1 
179.36887      0 
181.04932      1 
183.40286      2 
185.20777      3 
188.18009      2 
189.80503      1 
191.32041      0 
193.44028      1 
196.43881      2 
198.08219      3 
199.80834      2 
201.0179       1 
202.98676      0 
204.4491       1 
207.03404      2 
209.99707      3 
212.25735      2 
215.23453      1 
217.13803      0 
219.1518       1 
220.7577       2 
223.64557      3 
226.3161       2 
227.72811      1 
229.69574      0 
232.43989      1 
233.73884      2 
235.4967       3 
237.84992      2 
239.69115      1 
240.77405      0 
243.02965      1 
