2.8104722      2 
4.319884       3 
6.5365508      2 
7.8435161      1 
10.572144      0 
12.690431      1 
14.487951      2 
16.995014      3 
18.635334      2 
21.124342      1 
22.290196      0 
23.293946      1 
26.011237      2 
28.790644      3 
31.36878       2 
32.930613      1 
33.955015      0 
36.291556      1 
38.795363      2 
40.643704      3 
42.12222       2 
44.398978      1 
46.578962      0 
47.697179      1 
50.242993      2 
52.967292      3 
54.929206      2 
56.783804      1 
58.454617      0 
60.738576      1 
63.293219      2 
65.639142      3 
68.319955      2 
71.187716      1 
73.278624      0 
75.868066      1 
78.413517      2 
80.804977      3 
83.598214      2 
86.029413      1 
87.96512       0 
90.835524      1 
93.556097      2 
94.740376      3 
97.604542      2 
99.340832      1 
102.26185      0 
103.78161      1 
105.72673      2 
106.95939      3 
108.9533       2 
111.5273       1 
113.60494      0 
116.32594      1 
118.61914      2 
121.3265       3 
122.93267      2 
125.17564      1 
127.55608      0 
129.05553      1 
130.95267      2 
133.52738      3 
135.96185      2 
138.68234      1 
140.83938      0 
143.29328      1 
144.61684      2 
146.19914      3 
148.60466      2 
150.05668      1 
152.85878      0 
153.91738      1 
156.22921      2 
157.62676      3 
158.85681      2 
160.86069      1 
162.81478      0 
165.78715      1 
167.99476      2 
170.76498      3 
173.07431      2 
175.7317       1 
178.23689      0 
180.4022       1 
182.27011      2 
184.56381      3 
186.44215      2 
189.30997      1 
190.36925      0 
192.13975      1 
195.01308      2 
197.30887      3 
199.3577       2 
201.53741      1 
203.43389      0 
205.23798      1 
206.84966      2 
209.73809      3 
211.36067      2 
213.29203      1 
215.8009       0 
218.60857      1 
219.6313       2 
222.33506      3 
225.09686      2 
227.79459      1 
229.30294      0 
230.85688      1 
232.21281      2 
234.70371      3 
237.64803      2 
238.66729      1 
240.3053       0 
242.76851      1 
245.49639      2 
246.86804      3 
248.11165      2 
249.88237      1 
251.25002      0 
253.35451      1 
