1.7753763      2 
4.4946677      3 
6.7167145      2 
9.4192026      1 
10.660378      0 
13.652545      1 
15.536707      2 
18.502094      3 
20.679017      2 
23.404435      1 
25.445647      0 
26.873907      1 
29.206701      2 
32.140945      3 
34.075762      2 
35.97333       1 
38.533709      0 
40.800174      1 
42.137631      2 
43.371354      3 
46.116679      2 
47.572148      1 
50.11977       0 
51.326768      1 
53.286443      2 
54.309215      3 
55.859667      2 
57.959793      1 
60.821829      0 
62.258168      1 
63.358839      2 
64.723614      3 
67.094946      2 
69.338169      1 
71.002142      0 
73.89116       1 
75.994548      2 
77.837455      3 
79.927164      2 
81.377507      1 
82.80742       0 
83.942913      1 
85.482517      2 
87.263615      3 
90.070999      2 
92.172321      1 
93.63927       0 
96.54124       1 
98.431744      2 
99.639979      3 
101.10853      2 
103.4271       1 
105.08258      0 
107.16884      1 
108.82881      2 
110.66697      3 
112.58671      2 
114.16053      1 
115.47535      0 
117.55769      1 
118.66073      2 
120.71048      3 
122.60983      2 
123.97552      1 
125.58585      0 
127.57527      1 
130.35969      2 
132.80939      3 
133.84464      2 
136.32861      1 
139.29681      0 
140.50998      1 
141.92547      2 
144.17799      3 
145.1987       2 
146.76984      1 
149.41397      0 
151.39009      1 
152.97344      2 
154.0283       3 
156.6718       2 
157.80459      1 
160.73204      0 
162.10693      1 
164.60679      2 
166.6896       3 
168.26039      2 
169.69503      1 
170.75136      0 
173.27894      1 
176.07465      2 
177.88161      3 
180.83387      2 
183.29444      1 
184.9146       0 
186.02544      1 
188.31841      2 
189.64858      3 
192.64151      2 
195.15159      1 
198.00615      0 
200.54517      1 
202.52767      2 
205.08367      3 
208.06656      2 
209.30463      1 
211.69493      0 
213.99347      1 
215.56469      2 
218.53314      3 
220.3684       2 
222.35636      1 
224.98076      0 
226.1905       1 
228.50421      2 
230.97118      3 
232.18446      2 
233.29679      1 
234.38721      0 
236.70013      1 
