2.8301124      2 
5.7841083      3 
7.4896404      2 
9.4845398      1 
11.136542      0 
12.547998      1 
15.01058       2 
16.355703      3 
18.314096      2 
21.051983      1 
23.58719       0 
24.625203      1 
26.704692      2 
27.900118      3 
30.491425      2 
32.006992      1 
33.84967       0 
35.511489      1 
37.744247      2 
40.676207      3 
42.293538      2 
44.715166      1 
46.118654      0 
47.136144      1 
48.380266      2 
50.534773      3 
52.434831      2 
54.435876      1 
56.826983      0 
58.894956      1 
61.160413      2 
63.888341      3 
66.112365      2 
68.15806       1 
70.302241      0 
72.110388      1 
75.041096      2 
76.879248      3 
78.419632      2 
79.957521      1 
81.098449      0 
82.386447      1 
85.046202      2 
86.547741      3 
88.599515      2 
91.167224      1 
92.634423      0 
93.635242      1 
95.421251      2 
97.856839      3 
99.825721      2 
100.92154      1 
102.34224      0 
104.81343      1 
107.59049      2 
110.42122      3 
112.09047      2 
114.812        1 
116.35276      0 
118.75093      1 
120.63007      2 
123.38741      3 
126.13751      2 
129.12296      1 
130.51015      0 
132.85789      1 
133.93423      2 
136.60002      3 
138.76419      2 
141.0227       1 
142.36993      0 
144.61125      1 
145.85943      2 
148.49296      3 
150.10345      2 
151.79571      1 
154.51539      0 
156.39267      1 
157.90972      2 
158.93126      3 
161.88784      2 
163.39494      1 
166.1481       0 
167.19076      1 
169.05705      2 
170.67478      3 
173.64851      2 
176.28918      1 
177.97358      0 
180.73905      1 
183.37271      2 
186.13518      3 
188.00344      2 
190.62298      1 
191.91301      0 
193.95297      1 
196.44859      2 
197.56821      3 
200.37002      2 
202.62985      1 
203.9533       0 
206.58785      1 
208.10351      2 
209.36628      3 
211.59115      2 
213.77478      1 
215.57612      0 
217.92432      1 
220.61162      2 
221.81487      3 
223.70562      2 
226.50239      1 
229.0958       0 
230.12384      1 
232.02619      2 
234.88763      3 
237.50005      2 
238.94691      1 
239.97867      0 
241.62757      1 
