2.464164       2 
3.9758108      3 
5.6216797      2 
6.739373       1 
8.2518713      0 
11.150175      1 
13.476749      2 
15.745165      3 
18.597266      2 
21.130846      1 
23.469784      0 
25.20633       1 
27.528959      2 
28.804281      3 
31.04119       2 
33.799841      1 
35.132657      0 
36.182955      1 
37.188709      2 
39.901563      3 
41.253742      2 
43.791592      1 
45.993882      0 
48.074829      1 
49.201649      2 
50.389427      3 
51.476467      2 
53.30356       1 
56.2489        0 
58.627228      1 
61.245021      2 
63.884128      3 
65.159557      2 
67.578276      1 
68.676715      0 
71.515835      1 
72.542706      2 
74.177354      3 
75.257541      2 
77.685526      1 
79.874419      0 
82.602163      1 
85.40543       2 
87.673322      3 
90.048252      2 
91.635368      1 
92.935753      0 
94.971448      1 
97.799596      2 
99.938242      3 
101.41324      2 
103.04056      1 
105.74004      0 
106.90081      1 
109.7379       2 
112.46256      3 
115.45376      2 
118.01537      1 
119.74529      0 
122.05995      1 
125.05872      2 
127.03624      3 
128.42499      2 
130.27211      1 
131.6556       0 
133.16374      1 
135.01415      2 
137.38393      3 
138.44482      2 
140.52055      1 
142.42848      0 
144.36699      1 
146.44039      2 
148.17191      3 
150.51493      2 
153.17137      1 
154.88667      0 
156.14534      1 
157.33593      2 
159.37591      3 
161.43108      2 
163.09775      1 
165.5252       0 
166.69753      1 
167.95028      2 
170.13647      3 
172.09204      2 
173.53861      1 
174.97956      0 
177.72393      1 
180.6821       2 
183.20915      3 
185.08721      2 
187.3353       1 
188.37905      0 
190.97058      1 
193.76674      2 
196.74427      3 
198.92637      2 
200.61912      1 
201.82172      0 
204.72329      1 
206.42205      2 
208.8362       3 
210.67272      2 
212.5661       1 
215.34797      0 
218.13673      1 
220.37678      2 
222.62677      3 
224.09015      2 
225.32984      1 
228.0378       0 
229.52535      1 
231.81281      2 
234.60321      3 
235.87449      2 
236.99266      1 
238.10669      0 
240.83939      1 
