1.5963478      2 
4.2599845      3 
6.06807        2 
8.2198082      1 
9.4621175      0 
10.743255      1 
11.939527      2 
14.777621      3 
17.574915      2 
20.216214      1 
21.343069      0 
22.734002      1 
25.455067      2 
27.417494      3 
30.191522      2 
33.150434      1 
35.605961      0 
37.188508      1 
39.572359      2 
41.48661       3 
44.482716      2 
46.694566      1 
49.403361      0 
52.1942        1 
55.017068      2 
56.415293      3 
57.81192       2 
59.986929      1 
61.812297      0 
63.014253      1 
65.848861      2 
68.532446      3 
71.414747      2 
73.236088      1 
75.002353      0 
77.01426       1 
78.167269      2 
80.469722      3 
83.26465       2 
85.071388      1 
86.56659       0 
88.979741      1 
90.460225      2 
92.369663      3 
94.190959      2 
96.140334      1 
98.734731      0 
99.752174      1 
100.96026      2 
103.153        3 
104.56868      2 
107.17368      1 
109.42197      0 
111.35321      1 
112.94642      2 
114.50344      3 
116.62893      2 
117.74938      1 
119.99982      0 
122.37884      1 
125.2725       2 
126.57589      3 
128.45162      2 
130.19387      1 
132.61972      0 
134.52577      1 
135.56266      2 
137.8534       3 
140.40771      2 
142.03202      1 
143.47138      0 
145.80899      1 
148.55621      2 
149.68659      3 
152.55407      2 
154.05336      1 
155.29532      0 
157.50176      1 
160.44125      2 
162.42113      3 
163.63125      2 
166.09373      1 
167.9524       0 
170.01578      1 
171.42125      2 
172.80268      3 
175.18899      2 
177.28589      1 
179.48783      0 
180.77712      1 
181.78228      2 
184.50071      3 
185.5832       2 
186.86741      1 
189.08666      0 
191.82729      1 
192.9246       2 
194.6613       3 
197.12265      2 
198.23248      1 
200.30872      0 
202.60652      1 
204.71733      2 
206.50004      3 
208.44188      2 
210.77486      1 
212.61077      0 
214.69894      1 
216.04195      2 
217.72779      3 
220.42287      2 
222.97425      1 
225.44293      0 
227.13002      1 
228.81342      2 
230.96439      3 
232.30909      2 
234.54363      1 
236.61497      0 
239.59757      1 
