2.8800514      2 
4.7766198      3 
7.3233465      2 
10.119628      1 
11.228007      0 
12.273841      1 
13.422096      2 
14.698136      3 
16.750659      2 
18.717705      1 
20.096169      0 
22.992625      1 
24.676802      2 
27.18857       3 
28.649221      2 
30.883511      1 
33.72597       0 
35.068983      1 
37.020959      2 
39.72483       3 
41.499466      2 
42.67314       1 
44.51691       0 
45.871925      1 
47.902585      2 
49.295204      3 
52.058855      2 
54.065215      1 
56.124807      0 
57.368601      1 
59.074551      2 
60.405497      3 
62.805357      2 
64.016508      1 
66.710071      0 
68.568324      1 
71.197943      2 
72.801451      3 
74.613616      2 
76.428551      1 
79.166364      0 
82.163357      1 
83.495073      2 
84.895796      3 
86.655366      2 
88.219034      1 
89.275455      0 
92.246865      1 
93.279064      2 
95.505623      3 
97.668872      2 
99.548535      1 
102.13188      0 
104.10002      1 
106.39517      2 
107.89235      3 
110.11772      2 
113.03226      1 
114.15538      0 
116.1053       1 
117.95202      2 
119.33994      3 
122.27459      2 
123.72615      1 
124.75311      0 
127.23103      1 
128.39995      2 
130.4262       3 
132.10962      2 
134.24148      1 
135.60561      0 
138.49979      1 
140.69189      2 
143.49908      3 
146.26022      2 
148.32962      1 
151.22561      0 
153.71379      1 
155.71218      2 
158.15516      3 
160.13921      2 
162.79643      1 
164.32844      0 
165.96565      1 
168.76053      2 
170.06967      3 
172.80499      2 
175.0816       1 
177.06517      0 
178.53197      1 
181.30776      2 
184.13891      3 
185.37983      2 
187.46127      1 
190.02869      0 
192.56629      1 
193.75395      2 
194.88038      3 
196.86352      2 
198.84086      1 
201.351        0 
202.87639      1 
204.55933      2 
206.32246      3 
207.89435      2 
209.87811      1 
212.27806      0 
213.31536      1 
215.33555      2 
216.4652       3 
218.98646      2 
220.26611      1 
223.23392      0 
226.2299       1 
228.9024       2 
231.52659      3 
233.55754      2 
235.35045      1 
237.35573      0 
240.33981      1 
