1.9858459      2 
3.0151195      3 
5.6170373      2 
7.0153745      1 
8.3794148      0 
10.474398      1 
11.680611      2 
14.205047      3 
15.857888      2 
17.362661      1 
20.263027      0 
21.821027      1 
23.984574      2 
25.893237      3 
28.817021      2 
31.292336      1 
32.600703      0 
33.678701      1 
35.645193      2 
38.514261      3 
40.504679      2 
42.36071       1 
43.702152      0 
45.48254       1 
47.759717      2 
49.619792      3 
51.752848      2 
54.080206      1 
56.672223      0 
58.832769      1 
60.607668      2 
62.645458      3 
63.911974      2 
65.629353      1 
67.843785      0 
69.423425      1 
71.422784      2 
73.800366      3 
76.5431        2 
78.17355       1 
80.986043      0 
83.514472      1 
85.649119      2 
88.27642       3 
90.085229      2 
92.090542      1 
93.933244      0 
95.696006      1 
97.554821      2 
99.863889      3 
102.83171      2 
104.54926      1 
107.45246      0 
110.24515      1 
112.39322      2 
115.07048      3 
117.94682      2 
119.92808      1 
121.08881      0 
123.1227       1 
124.46754      2 
126.81316      3 
129.36275      2 
131.27334      1 
133.23778      0 
135.35426      1 
137.91611      2 
139.53705      3 
141.03517      2 
143.10689      1 
144.5013       0 
145.51231      1 
147.93472      2 
149.79588      3 
151.04682      2 
152.77182      1 
153.94004      0 
155.91418      1 
157.54268      2 
159.19123      3 
161.61754      2 
163.14681      1 
164.28935      0 
165.97393      1 
167.70985      2 
169.13993      3 
171.43213      2 
173.07717      1 
174.83437      0 
177.45249      1 
178.66199      2 
181.6128       3 
184.54901      2 
186.7183       1 
188.73951      0 
191.09041      1 
193.17342      2 
194.93514      3 
196.8671       2 
199.46285      1 
200.78685      0 
203.66644      1 
205.27815      2 
207.97527      3 
209.09087      2 
211.62732      1 
213.96331      0 
215.5954       1 
218.115        2 
219.8498       3 
221.52072      2 
224.49056      1 
225.98997      0 
228.63236      1 
230.77924      2 
233.57698      3 
236.22164      2 
237.31645      1 
239.17243      0 
241.89185      1 
