1.5452629      2 
3.532622       3 
5.8428156      2 
7.9224373      1 
9.2482144      0 
11.418241      1 
13.863089      2 
15.816571      3 
18.176468      2 
19.284423      1 
21.181707      0 
23.932242      1 
26.14178       2 
27.852302      3 
29.17239       2 
31.461217      1 
33.525398      0 
35.94307       1 
38.161163      2 
39.980042      3 
41.392605      2 
42.513398      1 
43.587197      0 
46.454047      1 
47.611861      2 
50.381128      3 
52.540661      2 
53.715081      1 
55.12739       0 
57.705227      1 
59.164672      2 
61.220354      3 
63.714091      2 
65.182993      1 
67.626925      0 
69.021052      1 
71.068606      2 
73.025923      3 
75.567203      2 
78.282104      1 
79.796912      0 
81.406121      1 
84.210939      2 
86.132968      3 
88.528428      2 
91.52519       1 
93.036465      0 
95.421718      1 
96.649636      2 
97.700918      3 
100.3703       2 
103.16278      1 
105.70185      0 
107.91441      1 
110.61918      2 
112.48306      3 
114.73576      2 
116.39606      1 
119.11313      0 
120.8995       1 
123.72151      2 
126.36193      3 
128.98914      2 
130.34279      1 
132.13909      0 
133.45417      1 
134.49595      2 
137.11016      3 
140.03865      2 
141.19328      1 
143.22608      0 
144.31652      1 
146.42817      2 
148.41538      3 
150.57306      2 
152.95547      1 
154.46065      0 
156.08221      1 
157.2441       2 
159.54523      3 
162.50911      2 
163.94228      1 
166.10517      0 
168.28266      1 
170.39746      2 
171.8745       3 
174.09526      2 
176.49953      1 
179.10726      0 
180.28331      1 
181.75955      2 
184.23433      3 
186.86851      2 
189.19888      1 
191.73047      0 
194.32436      1 
197.00231      2 
198.75108      3 
201.54675      2 
203.7343       1 
206.3001       0 
208.45765      1 
209.65557      2 
210.78836      3 
211.83984      2 
213.74891      1 
215.82557      0 
218.52756      1 
221.09147      2 
222.57212      3 
224.94898      2 
227.9048       1 
230.17071      0 
231.66538      1 
234.62665      2 
236.59997      3 
238.58904      2 
240.02694      1 
241.96355      0 
243.39581      1 
