1.5938801      2 
4.3427124      3 
6.6806296      2 
9.2821151      1 
11.333064      0 
13.955846      1 
16.070856      2 
18.158759      3 
20.568896      2 
21.603995      1 
22.921223      0 
24.760925      1 
26.695572      2 
28.55328       3 
30.465015      2 
32.546858      1 
34.275122      0 
36.063542      1 
37.7791        2 
40.624366      3 
42.077183      2 
45.022088      1 
47.767996      0 
50.633291      1 
52.109708      2 
54.255693      3 
56.633939      2 
59.185965      1 
61.83602       0 
62.942083      1 
65.638674      2 
66.985872      3 
69.112906      2 
70.568532      1 
72.98747       0 
75.446057      1 
78.291489      2 
80.822153      3 
81.86111       2 
83.715053      1 
85.485818      0 
87.626594      1 
89.495475      2 
92.207336      3 
94.974458      2 
97.355868      1 
98.742755      0 
100.35618      1 
103.29414      2 
106.08672      3 
107.65635      2 
109.5912       1 
111.7281       0 
113.96132      1 
115.04781      2 
117.54301      3 
118.95674      2 
121.4678       1 
124.35892      0 
127.13127      1 
128.7863       2 
129.97921      3 
132.00064      2 
134.76713      1 
137.33052      0 
139.2839       1 
141.23741      2 
142.75968      3 
144.25111      2 
145.70172      1 
148.40006      0 
149.64824      1 
151.91599      2 
154.85364      3 
156.24239      2 
159.24209      1 
161.80946      0 
164.55067      1 
167.36584      2 
169.13302      3 
171.24532      2 
173.95272      1 
176.18754      0 
178.72483      1 
181.01534      2 
183.74655      3 
184.79868      2 
187.44926      1 
190.37421      0 
192.49818      1 
195.20761      2 
197.32793      3 
199.62041      2 
201.1371       1 
203.16834      0 
205.71851      1 
208.45998      2 
210.91831      3 
213.06927      2 
214.1566       1 
216.11987      0 
217.86979      1 
219.55869      2 
221.34839      3 
222.76924      2 
224.60102      1 
226.32233      0 
229.20795      1 
231.80311      2 
233.23996      3 
234.51035      2 
235.62202      1 
238.45118      0 
239.68702      1 
242.27271      2 
243.82967      3 
246.50207      2 
248.14942      1 
250.95796      0 
253.55789      1 
