2.5201416      2 
4.2159619      3 
5.977416       2 
7.5879834      1 
9.0924259      0 
11.250006      1 
13.891947      2 
16.18131       3 
19.059526      2 
20.754143      1 
22.35935       0 
24.555307      1 
25.75727       2 
27.80531       3 
29.856033      2 
30.908101      1 
31.917011      0 
34.66676       1 
37.228986      2 
38.729956      3 
41.095325      2 
42.761318      1 
45.755608      0 
47.990164      1 
49.375881      2 
51.906271      3 
53.171831      2 
55.447042      1 
57.24305       0 
59.325815      1 
61.598761      2 
64.32382       3 
65.493352      2 
67.980449      1 
69.588213      0 
71.283514      1 
73.908008      2 
76.08002       3 
77.694681      2 
79.853927      1 
81.845535      0 
84.641065      1 
85.891684      2 
87.188029      3 
90.152702      2 
91.906596      1 
92.927355      0 
94.733426      1 
97.447162      2 
98.953482      3 
101.62513      2 
104.34845      1 
107.09222      0 
109.19565      1 
110.42298      2 
113.27517      3 
115.75559      2 
117.60228      1 
119.93052      0 
122.73341      1 
124.76178      2 
127.646        3 
130.19263      2 
131.45612      1 
133.30339      0 
135.19872      1 
136.992        2 
138.06781      3 
139.44721      2 
141.37918      1 
143.84863      0 
146.20405      1 
147.8018       2 
149.0277       3 
150.83674      2 
152.1185       1 
154.42978      0 
157.06119      1 
158.79262      2 
160.00799      3 
162.47463      2 
164.48397      1 
166.43227      0 
167.89725      1 
169.31438      2 
170.32567      3 
173.09289      2 
175.73522      1 
177.24585      0 
179.34337      1 
181.54094      2 
184.16511      3 
186.52309      2 
188.37234      1 
190.19301      0 
192.62491      1 
194.42854      2 
195.99051      3 
198.83813      2 
201.58494      1 
204.06054      0 
205.56765      1 
207.08073      2 
209.11081      3 
210.9723       2 
212.70613      1 
214.40431      0 
216.78465      1 
219.34015      2 
221.90981      3 
223.91734      2 
226.59307      1 
228.84553      0 
230.51693      1 
232.8165       2 
233.957        3 
235.17611      2 
237.01814      1 
239.61374      0 
242.36785      1 
